0,0,0.0724287
0,0.1,0.0781246
0,0.2,0.0838578
0,0.3,0.0895733
0,0.4,0.0952121
0,0.5,0.100713
0,0.6,0.106012
0,0.7,0.111047
0,0.8,0.115754
0,0.9,0.120073
0,1,0.123946
0,1.1,0.12732
0,1.2,0.130149
0,1.3,0.132393
0,1.4,0.13402
0,1.5,0.135005
0,1.6,0.135335
0,1.7,0.135005
0,1.8,0.13402
0,1.9,0.132393
0,2,0.130149
0,2.1,0.12732
0,2.2,0.123946
0,2.3,0.120073
0,2.4,0.115754
0,2.5,0.111047
0,2.6,0.106012
0,2.7,0.100713
0,2.8,0.0952121
0,2.9,0.0895733
0,3,0.0838579
0,3.1,0.0781246
0,3.2,0.0724287
0,3.3,0.066821
0,3.4,0.0613471
0,3.5,0.0560472
0,3.6,0.0509556
0,3.7,0.046101
0,3.8,0.0415056
0,3.9,0.0371862
0,4,0.033154
0,4.1,0.029415
0,4.2,0.0259706
0,4.3,0.0228177
0,4.4,0.01995
0,4.5,0.0173577
0,4.6,0.0150286
0,4.7,0.0129487
0,4.8,0.0111023
0,4.9,0.00947274
0,5,0.00804302
0.1,0,0.0772972
0.1,0.1,0.0834493
0.1,0.2,0.089652
0.1,0.3,0.0958466
0.1,0.4,0.10197
0.1,0.5,0.107956
0.1,0.6,0.113737
0.1,0.7,0.119243
0.1,0.8,0.124407
0.1,0.9,0.129162
0.1,1,0.133445
0.1,1.1,0.137199
0.1,1.2,0.140371
0.1,1.3,0.142917
0.1,1.4,0.144799
0.1,1.5,0.145992
0.1,1.6,0.146478
0.1,1.7,0.146249
0.1,1.8,0.14531
0.1,1.9,0.143672
0.1,2,0.141362
0.1,2.1,0.13841
0.1,2.2,0.13486
0.1,2.3,0.130761
0.1,2.4,0.126169
0.1,2.5,0.121145
0.1,2.6,0.115754
0.1,2.7,0.110064
0.1,2.8,0.104144
0.1,2.9,0.0980627
0.1,3,0.0918863
0.1,3.1,0.0856794
0.1,3.2,0.0795026
0.1,3.3,0.0734117
0.1,3.4,0.0674571
0.1,3.5,0.0616836
0.1,3.6,0.0561293
0.1,3.7,0.0508264
0.1,3.8,0.0458002
0.1,3.9,0.04107
0.1,4,0.0366489
0.1,4.1,0.0325444
0.1,4.2,0.0287587
0.1,4.3,0.0252896
0.1,4.4,0.0221307
0.1,4.5,0.0192719
0.1,4.6,0.0167007
0.1,4.7,0.014402
0.1,4.8,0.0123592
0.1,4.9,0.0105545
0.1,5,0.00896937
0.2,0,0.082348
0.2,0.1,0.0889803
0.2,0.2,0.0956782
0.2,0.3,0.102379
0.2,0.4,0.109016
0.2,0.5,0.115517
0.2,0.6,0.121809
0.2,0.7,0.127819
0.2,0.8,0.133471
0.2,0.9,0.138694
0.2,1,0.14342
0.2,1.1,0.147584
0.2,1.2,0.151129
0.2,1.3,0.154005
0.2,1.4,0.156171
0.2,1.5,0.157597
0.2,1.6,0.15826
0.2,1.7,0.158152
0.2,1.8,0.157274
0.2,1.9,0.155638
0.2,2,0.15327
0.2,2.1,0.150202
0.2,2.2,0.146478
0.2,2.3,0.142151
0.2,2.4,0.137279
0.2,2.5,0.131929
0.2,2.6,0.126169
0.2,2.7,0.120073
0.2,2.8,0.113714
0.2,2.9,0.107168
0.2,3,0.100506
0.2,3.1,0.0937998
0.2,3.2,0.0871141
0.2,3.3,0.0805108
0.2,3.4,0.0740454
0.2,3.5,0.0677675
0.2,3.6,0.0617197
0.2,3.7,0.0559378
0.2,3.8,0.0504505
0.2,3.9,0.0452798
0.2,4,0.040441
0.2,4.1,0.0359434
0.2,4.2,0.0317903
0.2,4.3,0.0279801
0.2,4.4,0.0245066
0.2,4.5,0.0213597
0.2,4.6,0.0185262
0.2,4.7,0.0159903
0.2,4.8,0.0137343
0.2,4.9,0.0117391
0.2,5,0.00998484
0.3,0,0.0875748
0.3,0.1,0.0947112
0.3,0.2,0.10193
0.3,0.3,0.109165
0.3,0.4,0.116343
0.3,0.5,0.12339
0.3,0.6,0.130226
0.3,0.7,0.136771
0.3,0.8,0.142944
0.3,0.9,0.148669
0.3,1,0.15387
0.3,1.1,0.158477
0.3,1.2,0.162426
0.3,1.3,0.165663
0.3,1.4,0.168141
0.3,1.5,0.169824
0.3,1.6,0.170689
0.3,1.7,0.170722
0.3,1.8,0.169924
0.3,1.9,0.168305
0.3,2,0.165889
0.3,2.1,0.162712
0.3,2.2,0.158817
0.3,2.3,0.154261
0.3,2.4,0.149106
0.3,2.5,0.14342
0.3,2.6,0.137279
0.3,2.7,0.130761
0.3,2.8,0.123946
0.3,2.9,0.116913
0.3,3,0.109742
0.3,3.1,0.102509
0.3,3.2,0.0952866
0.3,3.3,0.0881413
0.3,3.4,0.0811345
0.3,3.5,0.0743209
0.3,3.6,0.0677477
0.3,3.7,0.0614551
0.3,3.8,0.0554753
0.3,3.9,0.0498334
0.3,4,0.0445472
0.3,4.1,0.0396277
0.3,4.2,0.0350797
0.3,4.3,0.0309024
0.3,4.4,0.0270899
0.3,4.5,0.0236321
0.3,4.6,0.0205152
0.3,4.7,0.0177226
0.3,4.8,0.0152356
0.3,4.9,0.0130337
0.3,5,0.0110958
0.4,0,0.0929697
0.4,0.1,0.100634
0.4,0.2,0.1084
0.4,0.3,0.116196
0.4,0.4,0.123946
0.4,0.5,0.131568
0.4,0.6,0.138979
0.4,0.7,0.146092
0.4,0.8,0.152821
0.4,0.9,0.159081
0.4,1,0.164791
0.4,1.1,0.169874
0.4,1.2,0.174261
0.4,1.3,0.177889
0.4,1.4,0.180709
0.4,1.5,0.182679
0.4,1.6,0.183771
0.4,1.7,0.183968
0.4,1.8,0.183269
0.4,1.9,0.181683
0.4,2,0.179232
0.4,2.1,0.175954
0.4,2.2,0.171894
0.4,2.3,0.167109
0.4,2.4,0.161666
0.4,2.5,0.155638
0.4,2.6,0.149106
0.4,2.7,0.142151
0.4,2.8,0.13486
0.4,2.9,0.12732
0.4,3,0.119616
0.4,3.1,0.111831
0.4,3.2,0.104043
0.4,3.3,0.0963254
0.4,3.4,0.088746
0.4,3.5,0.0813646
0.4,3.6,0.0742338
0.4,3.7,0.0673979
0.4,3.8,0.0608934
0.4,3.9,0.0547486
0.4,4,0.048984
0.4,4.1,0.0436129
0.4,4.2,0.0386415
0.4,4.3,0.03407
0.4,4.4,0.029893
0.4,4.5,0.0261003
0.4,4.6,0.0226778
0.4,4.7,0.019608
0.4,4.8,0.0168712
0.4,4.9,0.0144457
0.4,5,0.0123086
0.5,0,0.0985235
0.5,0.1,0.10674
0.5,0.2,0.115078
0.5,0.3,0.123462
0.5,0.4,0.131813
0.5,0.5,0.140042
0.5,0.6,0.148061
0.5,0.7,0.155775
0.5,0.8,0.163094
0.5,0.9,0.169924
0.5,1,0.176177
0.5,1.1,0.181771
0.5,1.2,0.186629
0.5,1.3,0.190683
0.5,1.4,0.193876
0.5,1.5,0.196162
0.5,1.6,0.197508
0.5,1.7,0.197894
0.5,1.8,0.197315
0.5,1.9,0.195779
0.5,2,0.193309
0.5,2.1,0.189939
0.5,2.2,0.18572
0.5,2.3,0.180709
0.5,2.4,0.174977
0.5,2.5,0.168601
0.5,2.6,0.161666
0.5,2.7,0.154261
0.5,2.8,0.146478
0.5,2.9,0.13841
0.5,3,0.130149
0.5,3.1,0.121786
0.5,3.2,0.113404
0.5,3.3,0.105084
0.5,3.4,0.0969011
0.5,3.5,0.0889196
0.5,3.6,0.0811979
0.5,3.7,0.0737856
0.5,3.8,0.0667232
0.5,3.9,0.0600429
0.5,4,0.0537681
0.5,4.1,0.0479145
0.5,4.2,0.0424901
0.5,4.3,0.0374963
0.5,4.4,0.0329281
0.5,4.5,0.0287756
0.5,4.6,0.0250243
0.5,4.7,0.0216559
0.5,4.8,0.0186497
0.5,4.9,0.0159825
0.5,5,0.01363
0.6,0,0.104226
0.6,0.1,0.113017
0.6,0.2,0.121952
0.6,0.3,0.130953
0.6,0.4,0.139933
0.6,0.5,0.1488
0.6,0.6,0.157458
0.6,0.7,0.165808
0.6,0.8,0.173751
0.6,0.9,0.181186
0.6,1,0.18802
0.6,1.1,0.19416
0.6,1.2,0.199524
0.6,1.3,0.204038
0.6,1.4,0.207637
0.6,1.5,0.21027
0.6,1.6,0.211898
0.6,1.7,0.2125
0.6,1.8,0.212064
0.6,1.9,0.210598
0.6,2,0.208124
0.6,2.1,0.204676
0.6,2.2,0.200305
0.6,2.3,0.195073
0.6,2.4,0.189051
0.6,2.5,0.182323
0.6,2.6,0.174977
0.6,2.7,0.167109
0.6,2.8,0.158817
0.6,2.9,0.150202
0.6,3,0.141362
0.6,3.1,0.132393
0.6,3.2,0.12339
0.6,3.3,0.114439
0.6,3.4,0.10562
0.6,3.5,0.0970052
0.6,3.6,0.0886594
0.6,3.7,0.0806367
0.6,3.8,0.0729828
0.6,3.9,0.0657335
0.6,4,0.0589158
0.6,4.1,0.0525479
0.6,4.2,0.04664
0.6,4.3,0.0411946
0.6,4.4,0.0362077
0.6,4.5,0.0316694
0.6,4.6,0.0275651
0.6,4.7,0.0238757
0.6,4.8,0.0205794
0.6,4.9,0.0176518
0.6,5,0.0150668
0.7,0,0.110064
0.7,0.1,0.119453
0.7,0.2,0.12901
0.7,0.3,0.138654
0.7,0.4,0.148292
0.7,0.5,0.157828
0.7,0.6,0.167158
0.7,0.7,0.176177
0.7,0.8,0.184779
0.7,0.9,0.192856
0.7,1,0.200305
0.7,1.1,0.207029
0.7,1.2,0.212936
0.7,1.3,0.217944
0.7,1.4,0.221983
0.7,1.5,0.224996
0.7,1.6,0.226938
0.7,1.7,0.227782
0.7,1.8,0.227515
0.7,1.9,0.226142
0.7,2,0.223681
0.7,2.1,0.220169
0.7,2.2,0.215657
0.7,2.3,0.210208
0.7,2.4,0.203898
0.7,2.5,0.196814
0.7,2.6,0.189051
0.7,2.7,0.180709
0.7,2.8,0.171894
0.7,2.9,0.162712
0.7,3,0.15327
0.7,3.1,0.143672
0.7,3.2,0.13402
0.7,3.3,0.124407
0.7,3.4,0.11492
0.7,3.5,0.10564
0.7,3.6,0.0966364
0.7,3.7,0.0879693
0.7,3.8,0.0796893
0.7,3.9,0.071837
0.7,4,0.0644429
0.7,4.1,0.0575282
0.7,4.2,0.0511052
0.7,4.3,0.0451782
0.7,4.4,0.039744
0.7,4.5,0.0347931
0.7,4.6,0.0303105
0.7,4.7,0.0262768
0.7,4.8,0.0226689
0.7,4.9,0.0194611
0.7,5,0.0166258
0.8,0,0.116026
0.8,0.1,0.126033
0.8,0.2,0.136237
0.8,0.3,0.14655
0.8,0.4,0.156875
0.8,0.5,0.167109
0.8,0.6,0.177144
0.8,0.7,0.186866
0.8,0.8,0.196162
0.8,0.9,0.204917
0.8,1,0.213019
0.8,1.1,0.220363
0.8,1.2,0.22685
0.8,1.3,0.232389
0.8,1.4,0.236905
0.8,1.5,0.240331
0.8,1.6,0.242619
0.8,1.7,0.243735
0.8,1.8,0.243664
0.8,1.9,0.242406
0.8,2,0.239979
0.8,2.1,0.236419
0.8,2.2,0.231777
0.8,2.3,0.22612
0.8,2.4,0.219525
0.8,2.5,0.212085
0.8,2.6,0.203898
0.8,2.7,0.195073
0.8,2.8,0.18572
0.8,2.9,0.175954
0.8,3,0.165889
0.8,3.1,0.155639
0.8,3.2,0.14531
0.8,3.3,0.135005
0.8,3.4,0.124821
0.8,3.5,0.114842
0.8,3.6,0.105146
0.8,3.7,0.0958
0.8,3.8,0.0868593
0.8,3.9,0.0783693
0.8,4,0.0703647
0.8,4.1,0.0628698
0.8,4.2,0.0558996
0.8,4.3,0.04946
0.8,4.4,0.043549
0.8,4.5,0.0381576
0.8,4.6,0.0332708
0.8,4.7,0.0288685
0.8,4.8,0.0249267
0.8,4.9,0.0214182
0.8,5,0.0183139
0.9,0,0.122095
0.9,0.1,0.132743
0.9,0.2,0.143616
0.9,0.3,0.154623
0.9,0.4,0.165663
0.9,0.5,0.176625
0.9,0.6,0.187396
0.9,0.7,0.197855
0.9,0.8,0.20788
0.9,0.9,0.217349
0.9,1,0.226142
0.9,1.1,0.234144
0.9,1.2,0.241248
0.9,1.3,0.247357
0.9,1.4,0.252385
0.9,1.5,0.25626
0.9,1.6,0.258927
0.9,1.7,0.260347
0.9,1.8,0.2605
0.9,1.9,0.259383
0.9,2,0.257012
0.9,2.1,0.253422
0.9,2.2,0.248665
0.9,2.3,0.242808
0.9,2.4,0.235935
0.9,2.5,0.228139
0.9,2.6,0.219525
0.9,2.7,0.210208
0.9,2.8,0.200305
0.9,2.9,0.189939
0.9,3,0.179232
0.9,3.1,0.168305
0.9,3.2,0.157274
0.9,3.3,0.14625
0.9,3.4,0.135335
0.9,3.5,0.124626
0.9,3.6,0.114204
0.9,3.7,0.104144
0.9,3.8,0.094508
0.9,3.9,0.0853454
0.9,4,0.0766957
0.9,4.1,0.0685867
0.9,4.2,0.0610363
0.9,4.3,0.0540525
0.9,4.4,0.0476345
0.9,4.5,0.0417741
0.9,4.6,0.0364561
0.9,4.7,0.0316602
0.9,4.8,0.0273612
0.9,4.9,0.0235308
0.9,5,0.020138
1,0,0.128256
1,0.1,0.139564
1,0.2,0.151129
1,0.3,0.162855
1,0.4,0.174635
1,0.5,0.186356
1,0.6,0.197894
1,0.7,0.209122
1,0.8,0.219912
1,0.9,0.230131
1,1,0.239651
1,1.1,0.24835
1,1.2,0.25611
1,1.3,0.262826
1,1.4,0.268404
1,1.5,0.272765
1,1.6,0.275846
1,1.7,0.277603
1,1.8,0.27801
1,1.9,0.277061
1,2,0.27477
1,2.1,0.271171
1,2.2,0.266315
1,2.3,0.260271
1,2.4,0.253125
1,2.5,0.244976
1,2.6,0.235935
1,2.7,0.22612
1,2.8,0.215657
1,2.9,0.204677
1,3,0.193309
1,3.1,0.181683
1,3.2,0.169924
1,3.3,0.158152
1,3.4,0.146478
1,3.5,0.135005
1,3.6,0.123825
1,3.7,0.113017
1,3.8,0.10265
1,3.9,0.0927793
1,4,0.0834494
1,4.1,0.074692
1,4.2,0.066528
1,4.3,0.0589676
1,4.4,0.0520117
1,4.5,0.0456529
1,4.6,0.0398762
1,4.7,0.0346608
1,4.8,0.0299807
1,4.9,0.0258062
1,5,0.0221048
1.1,0,0.134492
1.1,0.1,0.146478
1.1,0.2,0.158755
1.1,0.3,0.171223
1.1,0.4,0.183771
1.1,0.5,0.196277
1.1,0.6,0.208612
1.1,0.7,0.220643
1.1,0.8,0.232231
1.1,0.9,0.243236
1.1,1,0.253521
1.1,1.1,0.262954
1.1,1.2,0.271409
1.1,1.3,0.278772
1.1,1.4,0.284938
1.1,1.5,0.289823
1.1,1.6,0.293354
1.1,1.7,0.295483
1.1,1.8,0.296176
1.1,1.9,0.295425
1.1,2,0.29324
1.1,2.1,0.289653
1.1,2.2,0.284716
1.1,2.3,0.278499
1.1,2.4,0.271091
1.1,2.5,0.262595
1.1,2.6,0.253125
1.1,2.7,0.242809
1.1,2.8,0.231777
1.1,2.9,0.22017
1.1,3,0.208124
1.1,3.1,0.195779
1.1,3.2,0.183269
1.1,3.3,0.170722
1.1,3.4,0.15826
1.1,3.5,0.145993
1.1,3.6,0.13402
1.1,3.7,0.12243
1.1,3.8,0.111297
1.1,3.9,0.100683
1.1,4,0.0906384
1.1,4.1,0.081198
1.1,4.2,0.0723864
1.1,4.3,0.0642167
1.1,4.4,0.0566914
1.1,4.5,0.0498042
1.1,4.6,0.0435405
1.1,4.7,0.0378791
1.1,4.8,0.0327933
1.1,4.9,0.028252
1.1,5,0.024221
1.2,0,0.140783
1.2,0.1,0.153465
1.2,0.2,0.166474
1.2,0.3,0.179706
1.2,0.4,0.193044
1.2,0.5,0.206363
1.2,0.6,0.219525
1.2,0.7,0.23239
1.2,0.8,0.244809
1.2,0.9,0.256636
1.2,1,0.267723
1.2,1.1,0.277929
1.2,1.2,0.287118
1.2,1.3,0.295165
1.2,1.4,0.30196
1.2,1.5,0.307406
1.2,1.6,0.311426
1.2,1.7,0.313961
1.2,1.8,0.314975
1.2,1.9,0.314452
1.2,2,0.312401
1.2,2.1,0.308851
1.2,2.2,0.303854
1.2,2.3,0.297481
1.2,2.4,0.289823
1.2,2.5,0.280986
1.2,2.6,0.271092
1.2,2.7,0.260271
1.2,2.8,0.248665
1.2,2.9,0.236419
1.2,3,0.223681
1.2,3.1,0.210599
1.2,3.2,0.197315
1.2,3.3,0.183969
1.2,3.4,0.170689
1.2,3.5,0.157597
1.2,3.6,0.1448
1.2,3.7,0.132394
1.2,3.8,0.120461
1.2,3.9,0.109069
1.2,4,0.0982738
1.2,4.1,0.0881155
1.2,4.2,0.0786224
1.2,4.3,0.0698102
1.2,4.4,0.0616837
1.2,4.5,0.0542376
1.2,4.6,0.047458
1.2,4.7,0.0413236
1.2,4.8,0.0358068
1.2,4.9,0.0308753
1.2,5,0.0264933
1.3,0,0.147109
1.3,0.1,0.160502
1.3,0.2,0.174261
1.3,0.3,0.188277
1.3,0.4,0.20243
1.3,0.5,0.216586
1.3,0.6,0.230603
1.3,0.7,0.244331
1.3,0.8,0.257615
1.3,0.9,0.270298
1.3,1,0.282224
1.3,1.1,0.29324
1.3,1.2,0.303202
1.3,1.3,0.311974
1.3,1.4,0.319437
1.3,1.5,0.325484
1.3,1.6,0.33003
1.3,1.7,0.333009
1.3,1.8,0.334378
1.3,1.9,0.334117
1.3,2,0.33223
1.3,2.1,0.328743
1.3,2.2,0.323708
1.3,2.3,0.317198
1.3,2.4,0.309304
1.3,2.5,0.300137
1.3,2.6,0.289823
1.3,2.7,0.278499
1.3,2.8,0.266315
1.3,2.9,0.253422
1.3,3,0.239979
1.3,3.1,0.226142
1.3,3.2,0.212064
1.3,3.3,0.197894
1.3,3.4,0.183771
1.3,3.5,0.169824
1.3,3.6,0.156172
1.3,3.7,0.142917
1.3,3.8,0.13015
1.3,3.9,0.117946
1.3,4,0.106365
1.3,4.1,0.0954544
1.3,4.2,0.0852455
1.3,4.3,0.0757575
1.3,4.4,0.0669976
1.3,4.5,0.0589619
1.3,4.6,0.0516372
1.3,4.7,0.0450021
1.3,4.8,0.0390285
1.3,4.9,0.0336829
1.3,5,0.0289278
1.4,0,0.15345
1.4,0.1,0.167567
1.4,0.2,0.182091
1.4,0.3,0.196911
1.4,0.4,0.211898
1.4,0.5,0.226916
1.4,0.6,0.241814
1.4,0.7,0.256435
1.4,0.8,0.270615
1.4,0.9,0.284188
1.4,1,0.296987
1.4,1.1,0.308851
1.4,1.2,0.319624
1.4,1.3,0.329161
1.4,1.4,0.337331
1.4,1.5,0.344019
1.4,1.6,0.349131
1.4,1.7,0.352593
1.4,1.8,0.354354
1.4,1.9,0.354388
1.4,2,0.352696
1.4,2.1,0.349302
1.4,2.2,0.344255
1.4,2.3,0.337628
1.4,2.4,0.329515
1.4,2.5,0.32003
1.4,2.6,0.309304
1.4,2.7,0.297481
1.4,2.8,0.284716
1.4,2.9,0.271171
1.4,3,0.257012
1.4,3.1,0.242406
1.4,3.2,0.227516
1.4,3.3,0.2125
1.4,3.4,0.197508
1.4,3.5,0.182679
1.4,3.6,0.168141
1.4,3.7,0.154005
1.4,3.8,0.140371
1.4,3.9,0.12732
1.4,4,0.114921
1.4,4.1,0.103223
1.4,4.2,0.0922642
1.4,4.3,0.0820671
1.4,4.4,0.0726414
1.4,4.5,0.063985
1.4,4.6,0.0560856
1.4,4.7,0.0489219
1.4,4.8,0.0424653
1.4,4.9,0.0366812
1.4,5,0.0315306
1.5,0,0.159782
1.5,0.1,0.174635
1.5,0.2,0.189939
1.5,0.3,0.205578
1.5,0.4,0.22142
1.5,0.5,0.237322
1.5,0.6,0.253125
1.5,0.7,0.268666
1.5,0.8,0.283772
1.5,0.9,0.298267
1.5,1,0.311974
1.5,1.1,0.324722
1.5,1.2,0.336344
1.5,1.3,0.346684
1.5,1.4,0.355602
1.5,1.5,0.362972
1.5,1.6,0.368689
1.5,1.7,0.372672
1.5,1.8,0.374862
1.5,1.9,0.375229
1.5,2,0.373765
1.5,2.1,0.370494
1.5,2.2,0.365462
1.5,2.3,0.358742
1.5,2.4,0.35043
1.5,2.5,0.340642
1.5,2.6,0.329515
1.5,2.7,0.317198
1.5,2.8,0.303854
1.5,2.9,0.289653
1.5,3,0.274771
1.5,3.1,0.259383
1.5,3.2,0.243664
1.5,3.3,0.227782
1.5,3.4,0.211899
1.5,3.5,0.196162
1.5,3.6,0.180709
1.5,3.7,0.165663
1.5,3.8,0.151129
1.5,3.9,0.137199
1.5,4,0.123946
1.5,4.1,0.111427
1.5,4.2,0.0996853
1.5,4.3,0.0887461
1.5,4.4,0.0786224
1.5,4.5,0.0693142
1.5,4.6,0.0608102
1.5,4.7,0.0530897
1.5,4.8,0.0461236
1.5,4.9,0.0398762
1.5,5,0.0343072
1.6,0,0.166084
1.6,0.1,0.181683
1.6,0.2,0.197778
1.6,0.3,0.21425
1.6,0.4,0.230964
1.6,0.5,0.247768
1.6,0.6,0.2645
1.6,0.7,0.280986
1.6,0.8,0.297045
1.6,0.9,0.312493
1.6,1,0.327141
1.6,1.1,0.340809
1.6,1.2,0.353317
1.6,1.3,0.364499
1.6,1.4,0.374204
1.6,1.5,0.382295
1.6,1.6,0.388658
1.6,1.7,0.393202
1.6,1.8,0.395861
1.6,1.9,0.396597
1.6,2,0.395398
1.6,2.1,0.392282
1.6,2.2,0.387294
1.6,2.3,0.380507
1.6,2.4,0.372017
1.6,2.5,0.361945
1.6,2.6,0.35043
1.6,2.7,0.337628
1.6,2.8,0.323709
1.6,2.9,0.308851
1.6,3,0.29324
1.6,3.1,0.277061
1.6,3.2,0.2605
1.6,3.3,0.243735
1.6,3.4,0.226939
1.6,3.5,0.21027
1.6,3.6,0.193876
1.6,3.7,0.17789
1.6,3.8,0.162426
1.6,3.9,0.147584
1.6,4,0.133445
1.6,4.1,0.120073
1.6,4.2,0.107514
1.6,4.3,0.0958
1.6,4.4,0.0849463
1.6,4.5,0.0749552
1.6,4.6,0.0658171
1.6,4.7,0.0575114
1.6,4.8,0.050009
1.6,4.9,0.0432734
1.6,5,0.0372626
1.7,0,0.172331
1.7,0.1,0.188682
1.7,0.2,0.205578
1.7,0.3,0.222896
1.7,0.4,0.240495
1.7,0.5,0.25822
1.7,0.6,0.2759
1.7,0.7,0.293355
1.7,0.8,0.310393
1.7,0.9,0.326822
1.7,1,0.342444
1.7,1.1,0.357064
1.7,1.2,0.370494
1.7,1.3,0.382556
1.7,1.4,0.393087
1.7,1.5,0.40194
1.7,1.6,0.408989
1.7,1.7,0.414135
1.7,1.8,0.417303
1.7,1.9,0.418445
1.7,2,0.417547
1.7,2.1,0.414621
1.7,2.2,0.409709
1.7,2.3,0.402883
1.7,2.4,0.394241
1.7,2.5,0.383904
1.7,2.6,0.372017
1.7,2.7,0.358742
1.7,2.8,0.344255
1.7,2.9,0.328743
1.7,3,0.312401
1.7,3.1,0.295425
1.7,3.2,0.27801
1.7,3.3,0.260348
1.7,3.4,0.242619
1.7,3.5,0.224996
1.7,3.6,0.207637
1.7,3.7,0.190683
1.7,3.8,0.174261
1.7,3.9,0.158477
1.7,4,0.14342
1.7,4.1,0.129162
1.7,4.2,0.115754
1.7,4.3,0.103233
1.7,4.4,0.0916176
1.7,4.5,0.080913
1.7,4.6,0.071111
1.7,4.7,0.0621919
1.7,4.8,0.0541265
1.7,4.9,0.0468776
1.7,5,0.0404016
1.8,0,0.178499
1.8,0.1,0.195607
1.8,0.2,0.213311
1.8,0.3,0.231483
1.8,0.4,0.24998
1.8,0.5,0.26864
1.8,0.6,0.287286
1.8,0.7,0.305729
1.8,0.8,0.323772
1.8,0.9,0.341208
1.8,1,0.357832
1.8,1.1,0.373437
1.8,1.2,0.387824
1.8,1.3,0.400803
1.8,1.4,0.412198
1.8,1.5,0.421852
1.8,1.6,0.429628
1.8,1.7,0.435416
1.8,1.8,0.439132
1.8,1.9,0.440722
1.8,2,0.440163
1.8,2.1,0.437462
1.8,2.2,0.43266
1.8,2.3,0.425826
1.8,2.4,0.417058
1.8,2.5,0.40648
1.8,2.6,0.394241
1.8,2.7,0.380507
1.8,2.8,0.365462
1.8,2.9,0.349302
1.8,3,0.33223
1.8,3.1,0.314452
1.8,3.2,0.296176
1.8,3.3,0.277603
1.8,3.4,0.258927
1.8,3.5,0.240331
1.8,3.6,0.221984
1.8,3.7,0.204038
1.8,3.8,0.186629
1.8,3.9,0.169874
1.8,4,0.15387
1.8,4.1,0.138695
1.8,4.2,0.124407
1.8,4.3,0.111047
1.8,4.4,0.0986393
1.8,4.5,0.0871909
1.8,4.6,0.0766957
1.8,4.7,0.0671352
1.8,4.8,0.0584801
1.8,4.9,0.0506926
1.8,5,0.0437281
1.9,0,0.184562
1.9,0.1,0.20243
1.9,0.2,0.220945
1.9,0.3,0.239979
1.9,0.4,0.259383
1.9,0.5,0.278989
1.9,0.6,0.298616
1.9,0.7,0.318067
1.9,0.8,0.337133
1.9,0.9,0.355602
1.9,1,0.373255
1.9,1.1,0.389875
1.9,1.2,0.405251
1.9,1.3,0.419182
1.9,1.4,0.431479
1.9,1.5,0.441972
1.9,1.6,0.450516
1.9,1.7,0.456987
1.9,1.8,0.461292
1.9,1.9,0.463369
1.9,2,0.463188
1.9,2.1,0.460752
1.9,2.2,0.456095
1.9,2.3,0.449285
1.9,2.4,0.440421
1.9,2.5,0.429628
1.9,2.6,0.417058
1.9,2.7,0.402883
1.9,2.8,0.387294
1.9,2.9,0.370494
1.9,3,0.352696
1.9,3.1,0.334117
1.9,3.2,0.314975
1.9,3.3,0.295483
1.9,3.4,0.275846
1.9,3.5,0.25626
1.9,3.6,0.236905
1.9,3.7,0.217944
1.9,3.8,0.199525
1.9,3.9,0.181772
1.9,4,0.164791
1.9,4.1,0.148669
1.9,4.2,0.133471
1.9,4.3,0.119243
1.9,4.4,0.106013
1.9,4.5,0.0937908
1.9,4.6,0.0825738
1.9,4.7,0.0723441
1.9,4.8,0.0630729
1.9,4.9,0.0547219
1.9,5,0.0472453
2,0,0.190497
2,0.1,0.209122
2,0.2,0.228451
2,0.3,0.24835
2,0.4,0.268666
2,0.5,0.289229
2,0.6,0.309848
2,0.7,0.33032
2,0.8,0.350429
2,0.9,0.369952
2,1,0.388658
2,1.1,0.406322
2,1.2,0.422718
2,1.3,0.437633
2,1.4,0.450868
2,1.5,0.462239
2,1.6,0.471589
2,1.7,0.478783
2,1.8,0.483719
2,1.9,0.486325
2,2,0.486562
2,2.1,0.484428
2,2.2,0.479954
2,2.3,0.473204
2,2.4,0.464276
2,2.5,0.453297
2,2.6,0.440421
2,2.7,0.425826
2,2.8,0.409709
2,2.9,0.392282
2,3,0.373766
2,3.1,0.354388
2,3.2,0.334379
2,3.3,0.313961
2,3.4,0.293355
2,3.5,0.272765
2,3.6,0.252385
2,3.7,0.23239
2,3.8,0.212936
2,3.9,0.19416
2,4,0.176178
2,4.1,0.159082
2,4.2,0.142945
2,4.3,0.127819
2,4.4,0.113737
2,4.5,0.100713
2,4.6,0.0887461
2,4.7,0.0778202
2,4.8,0.0679068
2,4.9,0.0589677
2,5,0.0509558
2.1,0,0.196277
2.1,0.1,0.215657
2.1,0.2,0.235796
2.1,0.3,0.256561
2.1,0.4,0.277793
2.1,0.5,0.299317
2.1,0.6,0.320938
2.1,0.7,0.342444
2.1,0.8,0.36361
2.1,0.9,0.384204
2.1,1,0.403987
2.1,1.1,0.422718
2.1,1.2,0.440163
2.1,1.3,0.456095
2.1,1.4,0.470301
2.1,1.5,0.482586
2.1,1.6,0.49278
2.1,1.7,0.500738
2.1,1.8,0.506345
2.1,1.9,0.50952
2.1,2,0.510217
2.1,2.1,0.508426
2.1,2.2,0.504173
2.1,2.3,0.49752
2.1,2.4,0.488562
2.1,2.5,0.477429
2.1,2.6,0.464276
2.1,2.7,0.449285
2.1,2.8,0.43266
2.1,2.9,0.414621
2.1,3,0.395398
2.1,3.1,0.375229
2.1,3.2,0.354354
2.1,3.3,0.33301
2.1,3.4,0.311426
2.1,3.5,0.289823
2.1,3.6,0.268404
2.1,3.7,0.247357
2.1,3.8,0.22685
2.1,3.9,0.207029
2.1,4,0.18802
2.1,4.1,0.169924
2.1,4.2,0.152822
2.1,4.3,0.136771
2.1,4.4,0.121809
2.1,4.5,0.107956
2.1,4.6,0.0952123
2.1,4.7,0.0835637
2.1,4.8,0.0729829
2.1,4.9,0.0634312
2.1,5,0.0548611
2.2,0,0.201877
2.2,0.1,0.222005
2.2,0.2,0.242951
2.2,0.3,0.264577
2.2,0.4,0.286725
2.2,0.5,0.309213
2.2,0.6,0.33184
2.2,0.7,0.354388
2.2,0.8,0.376624
2.2,0.9,0.398305
2.2,1,0.419182
2.2,1.1,0.439004
2.2,1.2,0.457523
2.2,1.3,0.4745
2.2,1.4,0.489709
2.2,1.5,0.502944
2.2,1.6,0.514019
2.2,1.7,0.522779
2.2,1.8,0.529098
2.2,1.9,0.532885
2.2,2,0.534083
2.2,2.1,0.532676
2.2,2.2,0.528685
2.2,2.3,0.522167
2.2,2.4,0.513217
2.2,2.5,0.501962
2.2,2.6,0.488562
2.2,2.7,0.473204
2.2,2.8,0.456095
2.2,2.9,0.437463
2.2,3,0.417547
2.2,3.1,0.396597
2.2,3.2,0.374862
2.2,3.3,0.352593
2.2,3.4,0.33003
2.2,3.5,0.307407
2.2,3.6,0.284939
2.2,3.7,0.262826
2.2,3.8,0.241248
2.2,3.9,0.220363
2.2,4,0.200306
2.2,4.1,0.181187
2.2,4.2,0.163094
2.2,4.3,0.146093
2.2,4.4,0.130226
2.2,4.5,0.115517
2.2,4.6,0.10197
2.2,4.7,0.0895735
2.2,4.8,0.0783005
2.2,4.9,0.0681128
2.2,5,0.0589619
2.3,0,0.207272
2.3,0.1,0.228139
2.3,0.2,0.249883
2.3,0.3,0.272365
2.3,0.4,0.295425
2.3,0.5,0.318875
2.3,0.6,0.34251
2.3,0.7,0.366105
2.3,0.8,0.389418
2.3,0.9,0.412198
2.3,1,0.434185
2.3,1.1,0.455116
2.3,1.2,0.474731
2.3,1.3,0.49278
2.3,1.4,0.509023
2.3,1.5,0.523239
2.3,1.6,0.535232
2.3,1.7,0.544832
2.3,1.8,0.551903
2.3,1.9,0.556341
2.3,2,0.558083
2.3,2.1,0.557102
2.3,2.2,0.553414
2.3,2.3,0.547072
2.3,2.4,0.538168
2.3,2.5,0.526829
2.3,2.6,0.513217
2.3,2.7,0.49752
2.3,2.8,0.479954
2.3,2.9,0.460752
2.3,3,0.440163
2.3,3.1,0.418446
2.3,3.2,0.395862
2.3,3.3,0.372672
2.3,3.4,0.349131
2.3,3.5,0.325484
2.3,3.6,0.30196
2.3,3.7,0.278772
2.3,3.8,0.25611
2.3,3.9,0.234144
2.3,4,0.213019
2.3,4.1,0.192856
2.3,4.2,0.173751
2.3,4.3,0.155776
2.3,4.4,0.138979
2.3,4.5,0.12339
2.3,4.6,0.109016
2.3,4.7,0.0958469
2.3,4.8,0.0838581
2.3,4.9,0.0730114
2.3,5,0.063258
2.4,0,0.212437
2.4,0.1,0.23403
2.4,0.2,0.256561
2.4,0.3,0.27989
2.4,0.4,0.303854
2.4,0.5,0.328262
2.4,0.6,0.352903
2.4,0.7,0.377545
2.4,0.8,0.40194
2.4,0.9,0.425826
2.4,1,0.448934
2.4,1.1,0.47099
2.4,1.2,0.491722
2.4,1.3,0.510866
2.4,1.4,0.528169
2.4,1.5,0.543397
2.4,1.6,0.556341
2.4,1.7,0.566818
2.4,1.8,0.574679
2.4,1.9,0.57981
2.4,2,0.582137
2.4,2.1,0.581625
2.4,2.2,0.578283
2.4,2.3,0.572158
2.4,2.4,0.563341
2.4,2.5,0.551957
2.4,2.6,0.538168
2.4,2.7,0.522167
2.4,2.8,0.504173
2.4,2.9,0.484428
2.4,3,0.463188
2.4,3.1,0.440722
2.4,3.2,0.417303
2.4,3.3,0.393203
2.4,3.4,0.368689
2.4,3.5,0.34402
2.4,3.6,0.319437
2.4,3.7,0.295166
2.4,3.8,0.27141
2.4,3.9,0.24835
2.4,4,0.226142
2.4,4.1,0.204917
2.4,4.2,0.184779
2.4,4.3,0.165809
2.4,4.4,0.148061
2.4,4.5,0.131569
2.4,4.6,0.116344
2.4,4.7,0.102379
2.4,4.8,0.0896523
2.4,4.9,0.0781248
2.4,5,0.0677479
2.5,0,0.217349
2.5,0.1,0.239651
2.5,0.2,0.262954
2.5,0.3,0.287118
2.5,0.4,0.311974
2.5,0.5,0.337331
2.5,0.6,0.362971
2.5,0.7,0.388658
2.5,0.8,0.414135
2.5,0.9,0.439132
2.5,1,0.463369
2.5,1.1,0.486562
2.5,1.2,0.508426
2.5,1.3,0.528685
2.5,1.4,0.547072
2.5,1.5,0.563341
2.5,1.6,0.577267
2.5,1.7,0.588655
2.5,1.8,0.597344
2.5,1.9,0.603207
2.5,2,0.60616
2.5,2.1,0.60616
2.5,2.2,0.603207
2.5,2.3,0.597344
2.5,2.4,0.588655
2.5,2.5,0.577267
2.5,2.6,0.563341
2.5,2.7,0.547072
2.5,2.8,0.528685
2.5,2.9,0.508427
2.5,3,0.486562
2.5,3.1,0.463369
2.5,3.2,0.439132
2.5,3.3,0.414135
2.5,3.4,0.388658
2.5,3.5,0.362972
2.5,3.6,0.337331
2.5,3.7,0.311974
2.5,3.8,0.287118
2.5,3.9,0.262955
2.5,4,0.239651
2.5,4.1,0.217349
2.5,4.2,0.196162
2.5,4.3,0.176178
2.5,4.4,0.157458
2.5,4.5,0.140042
2.5,4.6,0.123946
2.5,4.7,0.109165
2.5,4.8,0.0956785
2.5,4.9,0.0834495
2.5,5,0.0724289
2.6,0,0.221983
2.6,0.1,0.244976
2.6,0.2,0.269034
2.6,0.3,0.294014
2.6,0.4,0.319749
2.6,0.5,0.346041
2.6,0.6,0.372672
2.6,0.7,0.399396
2.6,0.8,0.425951
2.6,0.9,0.452058
2.6,1,0.477429
2.6,1.1,0.501766
2.6,1.2,0.524775
2.6,1.3,0.546164
2.6,1.4,0.565657
2.6,1.5,0.58299
2.6,1.6,0.597928
2.6,1.7,0.61026
2.6,1.8,0.619812
2.6,1.9,0.626446
2.6,2,0.630067
2.6,2.1,0.630621
2.6,2.2,0.628101
2.6,2.3,0.622542
2.6,2.4,0.614027
2.6,2.5,0.602677
2.6,2.6,0.588655
2.6,2.7,0.572158
2.6,2.8,0.553414
2.6,2.9,0.532676
2.6,3,0.510218
2.6,3.1,0.486325
2.6,3.2,0.461292
2.6,3.3,0.435416
2.6,3.4,0.40899
2.6,3.5,0.382295
2.6,3.6,0.355602
2.6,3.7,0.329161
2.6,3.8,0.303202
2.6,3.9,0.277929
2.6,4,0.253522
2.6,4.1,0.230131
2.6,4.2,0.20788
2.6,4.3,0.186866
2.6,4.4,0.167158
2.6,4.5,0.1488
2.6,4.6,0.131813
2.6,4.7,0.116196
2.6,4.8,0.10193
2.6,4.9,0.0889805
2.6,5,0.0772974
2.7,0,0.226318
2.7,0.1,0.24998
2.7,0.2,0.27477
2.7,0.3,0.300548
2.7,0.4,0.327141
2.7,0.5,0.354353
2.7,0.6,0.381959
2.7,0.7,0.409709
2.7,0.8,0.437334
2.7,0.9,0.464548
2.7,1,0.49105
2.7,1.1,0.516536
2.7,1.2,0.540697
2.7,1.3,0.563231
2.7,1.4,0.583845
2.7,1.5,0.602265
2.7,1.6,0.61824
2.7,1.7,0.631546
2.7,1.8,0.641995
2.7,1.9,0.649438
2.7,2,0.653766
2.7,2.1,0.654916
2.7,2.2,0.652872
2.7,2.3,0.647664
2.7,2.4,0.639367
2.7,2.5,0.628101
2.7,2.6,0.614027
2.7,2.7,0.597344
2.7,2.8,0.578283
2.7,2.9,0.557103
2.7,3,0.534083
2.7,3.1,0.50952
2.7,3.2,0.483719
2.7,3.3,0.456987
2.7,3.4,0.429628
2.7,3.5,0.40194
2.7,3.6,0.374204
2.7,3.7,0.346685
2.7,3.8,0.319624
2.7,3.9,0.29324
2.7,4,0.267723
2.7,4.1,0.243236
2.7,4.2,0.219912
2.7,4.3,0.197856
2.7,4.4,0.177144
2.7,4.5,0.157828
2.7,4.6,0.139933
2.7,4.7,0.123463
2.7,4.8,0.1084
2.7,4.9,0.0947115
2.7,5,0.0823483
2.8,0,0.230333
2.8,0.1,0.254638
2.8,0.2,0.280136
2.8,0.3,0.306686
2.8,0.4,0.334117
2.8,0.5,0.362228
2.8,0.6,0.39079
2.8,0.7,0.41955
2.8,0.8,0.448233
2.8,0.9,0.476543
2.8,1,0.504173
2.8,1.1,0.530806
2.8,1.2,0.556124
2.8,1.3,0.57981
2.8,1.4,0.60156
2.8,1.5,0.621084
2.8,1.6,0.638119
2.8,1.7,0.652426
2.8,1.8,0.663804
2.8,1.9,0.67209
2.8,2,0.677164
2.8,2.1,0.678953
2.8,2.2,0.677429
2.8,2.3,0.672616
2.8,2.4,0.664583
2.8,2.5,0.653446
2.8,2.6,0.639367
2.8,2.7,0.622542
2.8,2.8,0.603207
2.8,2.9,0.581625
2.8,3,0.558083
2.8,3.1,0.532885
2.8,3.2,0.506345
2.8,3.3,0.478783
2.8,3.4,0.450516
2.8,3.5,0.421852
2.8,3.6,0.393087
2.8,3.7,0.3645
2.8,3.8,0.336344
2.8,3.9,0.308851
2.8,4,0.282224
2.8,4.1,0.256636
2.8,4.2,0.232231
2.8,4.3,0.209123
2.8,4.4,0.187397
2.8,4.5,0.167109
2.8,4.6,0.148292
2.8,4.7,0.130953
2.8,4.8,0.115078
2.8,4.9,0.100634
2.8,5,0.087575
2.9,0,0.234007
2.9,0.1,0.258927
2.9,0.2,0.285105
2.9,0.3,0.312401
2.9,0.4,0.340642
2.9,0.5,0.369626
2.9,0.6,0.399123
2.9,0.7,0.428873
2.9,0.8,0.458596
2.9,0.9,0.48799
2.9,1,0.516738
2.9,1.1,0.544513
2.9,1.2,0.570986
2.9,1.3,0.595829
2.9,1.4,0.618723
2.9,1.5,0.639367
2.9,1.6,0.65748
2.9,1.7,0.672813
2.9,1.8,0.685148
2.9,1.9,0.694311
2.9,2,0.700168
2.9,2.1,0.702635
2.9,2.2,0.701674
2.9,2.3,0.697301
2.9,2.4,0.68958
2.9,2.5,0.678621
2.9,2.6,0.664583
2.9,2.7,0.647664
2.9,2.8,0.628101
2.9,2.9,0.60616
2.9,3,0.582137
2.9,3.1,0.556341
2.9,3.2,0.529098
2.9,3.3,0.500738
2.9,3.4,0.471589
2.9,3.5,0.441973
2.9,3.6,0.412198
2.9,3.7,0.382557
2.9,3.8,0.353317
2.9,3.9,0.324722
2.9,4,0.296988
2.9,4.1,0.270298
2.9,4.2,0.244809
2.9,4.3,0.220643
2.9,4.4,0.197894
2.9,4.5,0.176626
2.9,4.6,0.156875
2.9,4.7,0.138654
2.9,4.8,0.121952
2.9,4.9,0.10674
2.9,5,0.0929699
3,0,0.237322
3,0.1,0.262826
3,0.2,0.289653
3,0.3,0.317663
3,0.4,0.346684
3,0.5,0.376514
3,0.6,0.406917
3,0.7,0.437633
3,0.8,0.468375
3,0.9,0.498834
3,1,0.528685
3,1.1,0.557592
3,1.2,0.585215
3,1.3,0.611214
3,1.4,0.635258
3,1.5,0.657031
3,1.6,0.676239
3,1.7,0.692618
3,1.8,0.705937
3,1.9,0.716006
3,2,0.722682
3,2.1,0.725865
3,2.2,0.725511
3,2.3,0.721623
3,2.4,0.71426
3,2.5,0.703527
3,2.6,0.68958
3,2.7,0.672616
3,2.8,0.652872
3,2.9,0.630621
3,3,0.60616
3,3.1,0.57981
3,3.2,0.551903
3,3.3,0.522779
3,3.4,0.49278
3,3.5,0.462239
3,3.6,0.431479
3,3.7,0.400803
3,3.8,0.370494
3,3.9,0.340809
3,4,0.311974
3,4.1,0.284188
3,4.2,0.257616
3,4.3,0.23239
3,4.4,0.208613
3,4.5,0.186356
3,4.6,0.165663
3,4.7,0.14655
3,4.8,0.129011
3,4.9,0.113017
3,5,0.0985238
3.1,0,0.24026
3.1,0.1,0.266315
3.1,0.2,0.293756
3.1,0.3,0.322446
3.1,0.4,0.352214
3.1,0.5,0.382855
3.1,0.6,0.414135
3.1,0.7,0.445788
3.1,0.8,0.477522
3.1,0.9,0.509023
3.1,1,0.539958
3.1,1.1,0.569983
3.1,1.2,0.598746
3.1,1.3,0.625896
3.1,1.4,0.651089
3.1,1.5,0.673997
3.1,1.6,0.694311
3.1,1.7,0.711753
3.1,1.8,0.726078
3.1,1.9,0.737083
3.1,2,0.744609
3.1,2.1,0.748547
3.1,2.2,0.748839
3.1,2.3,0.745482
3.1,2.4,0.738524
3.1,2.5,0.728067
3.1,2.6,0.71426
3.1,2.7,0.697301
3.1,2.8,0.677429
3.1,2.9,0.654916
3.1,3,0.630067
3.1,3.1,0.603207
3.1,3.2,0.574679
3.1,3.3,0.544832
3.1,3.4,0.514019
3.1,3.5,0.482586
3.1,3.6,0.450868
3.1,3.7,0.419182
3.1,3.8,0.387824
3.1,3.9,0.357064
3.1,4,0.327142
3.1,4.1,0.298267
3.1,4.2,0.270616
3.1,4.3,0.244331
3.1,4.4,0.219526
3.1,4.5,0.196277
3.1,4.6,0.174636
3.1,4.7,0.154623
3.1,4.8,0.136238
3.1,4.9,0.119453
3.1,5,0.104226
3.2,0,0.242808
3.2,0.1,0.269376
3.2,0.2,0.297394
3.2,0.3,0.326726
3.2,0.4,0.357203
3.2,0.5,0.38862
3.2,0.6,0.420741
3.2,0.7,0.453297
3.2,0.8,0.485992
3.2,0.9,0.518507
3.2,1,0.550503
3.2,1.1,0.581625
3.2,1.2,0.611513
3.2,1.3,0.639804
3.2,1.4,0.666143
3.2,1.5,0.690186
3.2,1.6,0.711614
3.2,1.7,0.730132
3.2,1.8,0.745482
3.2,1.9,0.757446
3.2,2,0.765853
3.2,2.1,0.770581
3.2,2.2,0.77156
3.2,2.3,0.768776
3.2,2.4,0.762271
3.2,2.5,0.752138
3.2,2.6,0.738524
3.2,2.7,0.721623
3.2,2.8,0.701674
3.2,2.9,0.678953
3.2,3,0.653766
3.2,3.1,0.626446
3.2,3.2,0.597344
3.2,3.3,0.566818
3.2,3.4,0.535232
3.2,3.5,0.502944
3.2,3.6,0.470301
3.2,3.7,0.437634
3.2,3.8,0.405252
3.2,3.9,0.373437
3.2,4,0.342444
3.2,4.1,0.312493
3.2,4.2,0.283772
3.2,4.3,0.256436
3.2,4.4,0.230603
3.2,4.5,0.206363
3.2,4.6,0.183771
3.2,4.7,0.162855
3.2,4.8,0.143617
3.2,4.9,0.126034
3.2,5,0.110065
3.3,0,0.244952
3.3,0.1,0.271993
3.3,0.2,0.300548
3.3,0.3,0.330482
3.3,0.4,0.361627
3.3,0.5,0.393779
3.3,0.6,0.426701
3.3,0.7,0.460122
3.3,0.8,0.493744
3.3,0.9,0.527241
3.3,1,0.560268
3.3,1.1,0.592462
3.3,1.2,0.623455
3.3,1.3,0.652872
3.3,1.4,0.680347
3.3,1.5,0.705523
3.3,1.6,0.728067
3.3,1.7,0.74767
3.3,1.8,0.76406
3.3,1.9,0.777005
3.3,2,0.78632
3.3,2.1,0.79187
3.3,2.2,0.793574
3.3,2.3,0.791406
3.3,2.4,0.785399
3.3,2.5,0.77564
3.3,2.6,0.762271
3.3,2.7,0.745482
3.3,2.8,0.725511
3.3,2.9,0.702635
3.3,3,0.677164
3.3,3.1,0.649438
3.3,3.2,0.619812
3.3,3.3,0.588655
3.3,3.4,0.556341
3.3,3.5,0.523239
3.3,3.6,0.489709
3.3,3.7,0.456095
3.3,3.8,0.422718
3.3,3.9,0.389875
3.3,4,0.357832
3.3,4.1,0.326822
3.3,4.2,0.297046
3.3,4.3,0.268667
3.3,4.4,0.241815
3.3,4.5,0.216586
3.3,4.6,0.193045
3.3,4.7,0.171224
3.3,4.8,0.151129
3.3,4.9,0.132743
3.3,5,0.116026
3.4,0,0.246681
3.4,0.1,0.274154
3.4,0.2,0.303201
3.4,0.3,0.333693
3.4,0.4,0.365462
3.4,0.5,0.398305
3.4,0.6,0.431985
3.4,0.7,0.46623
3.4,0.8,0.500738
3.4,0.9,0.53518
3.4,1,0.569204
3.4,1.1,0.602442
3.4,1.2,0.634514
3.4,1.3,0.665037
3.4,1.4,0.693633
3.4,1.5,0.719934
3.4,1.6,0.743591
3.4,1.7,0.764284
3.4,1.8,0.781725
3.4,1.9,0.795669
3.4,2,0.805916
3.4,2.1,0.812318
3.4,2.2,0.814781
3.4,2.3,0.813271
3.4,2.4,0.807808
3.4,2.5,0.798472
3.4,2.6,0.785399
3.4,2.7,0.768776
3.4,2.8,0.748839
3.4,2.9,0.725865
3.4,3,0.700168
3.4,3.1,0.67209
3.4,3.2,0.641995
3.4,3.3,0.61026
3.4,3.4,0.577267
3.4,3.5,0.543397
3.4,3.6,0.509023
3.4,3.7,0.4745
3.4,3.8,0.440163
3.4,3.9,0.406322
3.4,4,0.373255
3.4,4.1,0.341208
3.4,4.2,0.310394
3.4,4.3,0.280986
3.4,4.4,0.253126
3.4,4.5,0.226917
3.4,4.6,0.20243
3.4,4.7,0.179706
3.4,4.8,0.158756
3.4,4.9,0.139565
3.4,5,0.122095
3.5,0,0.247986
3.5,0.1,0.275846
3.5,0.2,0.305341
3.5,0.3,0.336344
3.5,0.4,0.368689
3.5,0.5,0.402175
3.5,0.6,0.436566
3.5,0.7,0.471589
3.5,0.8,0.506939
3.5,0.9,0.542284
3.5,1,0.577267
3.5,1.1,0.611513
3.5,1.2,0.644634
3.5,1.3,0.676239
3.5,1.4,0.705937
3.5,1.5,0.733348
3.5,1.6,0.758113
3.5,1.7,0.779895
3.5,1.8,0.798394
3.5,1.9,0.81335
3.5,2,0.824549
3.5,2.1,0.83183
3.5,2.2,0.835086
3.5,2.3,0.834271
3.5,2.4,0.829396
3.5,2.5,0.820532
3.5,2.6,0.807808
3.5,2.7,0.791406
3.5,2.8,0.77156
3.5,2.9,0.748547
3.5,3,0.722682
3.5,3.1,0.694311
3.5,3.2,0.663804
3.5,3.3,0.631546
3.5,3.4,0.597928
3.5,3.5,0.563341
3.5,3.6,0.528169
3.5,3.7,0.49278
3.5,3.8,0.457523
3.5,3.9,0.422718
3.5,4,0.388659
3.5,4.1,0.355602
3.5,4.2,0.323772
3.5,4.3,0.293355
3.5,4.4,0.2645
3.5,4.5,0.237322
3.5,4.6,0.211899
3.5,4.7,0.188277
3.5,4.8,0.166474
3.5,4.9,0.146478
3.5,5,0.128257
3.6,0,0.248859
3.6,0.1,0.277061
3.6,0.2,0.306956
3.6,0.3,0.33842
3.6,0.4,0.371291
3.6,0.5,0.40537
3.6,0.6,0.440421
3.6,0.7,0.476171
3.6,0.8,0.512315
3.6,0.9,0.548517
3.6,1,0.584416
3.6,1.1,0.61963
3.6,1.2,0.653766
3.6,1.3,0.686421
3.6,1.4,0.717196
3.6,1.5,0.745701
3.6,1.6,0.77156
3.6,1.7,0.794427
3.6,1.8,0.813986
3.6,1.9,0.829963
3.6,2,0.842131
3.6,2.1,0.850314
3.6,2.2,0.854394
3.6,2.3,0.85431
3.6,2.4,0.850065
3.6,2.5,0.84172
3.6,2.6,0.829396
3.6,2.7,0.813271
3.6,2.8,0.793574
3.6,2.9,0.770581
3.6,3,0.744609
3.6,3.1,0.716007
3.6,3.2,0.685149
3.6,3.3,0.652426
3.6,3.4,0.61824
3.6,3.5,0.58299
3.6,3.6,0.547072
3.6,3.7,0.510866
3.6,3.8,0.474732
3.6,3.9,0.439004
3.6,4,0.403987
3.6,4.1,0.369952
3.6,4.2,0.337134
3.6,4.3,0.30573
3.6,4.4,0.2759
3.6,4.5,0.247768
3.6,4.6,0.221421
3.6,4.7,0.196911
3.6,4.8,0.174261
3.6,4.9,0.153465
3.6,5,0.134492
3.7,0,0.249297
3.7,0.1,0.277793
3.7,0.2,0.308038
3.7,0.3,0.339911
3.7,0.4,0.373255
3.7,0.5,0.407872
3.7,0.6,0.443529
3.7,0.7,0.479954
3.7,0.8,0.516839
3.7,0.9,0.553847
3.7,1,0.590613
3.7,1.1,0.626752
3.7,1.2,0.661862
3.7,1.3,0.695533
3.7,1.4,0.727356
3.7,1.5,0.756929
3.7,1.6,0.783866
3.7,1.7,0.807808
3.7,1.8,0.828424
3.7,1.9,0.845428
3.7,2,0.858577
3.7,2.1,0.867682
3.7,2.2,0.872612
3.7,2.3,0.873294
3.7,2.4,0.869719
3.7,2.5,0.861938
3.7,2.6,0.850065
3.7,2.7,0.834271
3.7,2.8,0.814781
3.7,2.9,0.79187
3.7,3,0.765853
3.7,3.1,0.737083
3.7,3.2,0.705937
3.7,3.3,0.672813
3.7,3.4,0.638119
3.7,3.5,0.602265
3.7,3.6,0.565657
3.7,3.7,0.528685
3.7,3.8,0.491723
3.7,3.9,0.455116
3.7,4,0.419182
3.7,4.1,0.384204
3.7,4.2,0.35043
3.7,4.3,0.318067
3.7,4.4,0.287286
3.7,4.5,0.25822
3.7,4.6,0.230964
3.7,4.7,0.205579
3.7,4.8,0.182092
3.7,4.9,0.160502
3.7,5,0.140783
3.8,0,0.249297
3.8,0.1,0.278037
3.8,0.2,0.30858
3.8,0.3,0.340808
3.8,0.4,0.374569
3.8,0.5,0.409669
3.8,0.6,0.445875
3.8,0.7,0.482916
3.8,0.8,0.520486
3.8,0.9,0.558246
3.8,1,0.595829
3.8,1.1,0.632843
3.8,1.2,0.668881
3.8,1.3,0.703527
3.8,1.4,0.736363
3.8,1.5,0.766976
3.8,1.6,0.79497
3.8,1.7,0.819971
3.8,1.8,0.841638
3.8,1.9,0.859668
3.8,2,0.873806
3.8,2.1,0.88385
3.8,2.2,0.889653
3.8,2.3,0.891132
3.8,2.4,0.888264
3.8,2.5,0.881092
3.8,2.6,0.869719
3.8,2.7,0.854311
3.8,2.8,0.835086
3.8,2.9,0.812318
3.8,3,0.78632
3.8,3.1,0.757447
3.8,3.2,0.726078
3.8,3.3,0.692618
3.8,3.4,0.65748
3.8,3.5,0.621085
3.8,3.6,0.583845
3.8,3.7,0.546165
3.8,3.8,0.508427
3.8,3.9,0.47099
3.8,4,0.434185
3.8,4.1,0.398305
3.8,4.2,0.363611
3.8,4.3,0.330321
3.8,4.4,0.298617
3.8,4.5,0.26864
3.8,4.6,0.240496
3.8,4.7,0.214251
3.8,4.8,0.18994
3.8,4.9,0.167567
3.8,5,0.147109
3.9,0,0.24886
3.9,0.1,0.277793
3.9,0.2,0.30858
3.9,0.3,0.341108
3.9,0.4,0.375229
3.9,0.5,0.410751
3.9,0.6,0.447446
3.9,0.7,0.485044
3.9,0.8,0.523239
3.9,0.9,0.561692
3.9,1,0.600034
3.9,1.1,0.63787
3.9,1.2,0.674787
3.9,1.3,0.710364
3.9,1.4,0.744173
3.9,1.5,0.775792
3.9,1.6,0.804815
3.9,1.7,0.830856
3.9,1.8,0.85356
3.9,1.9,0.872612
3.9,2,0.887744
3.9,2.1,0.898737
3.9,2.2,0.905434
3.9,2.3,0.907736
3.9,2.4,0.905611
3.9,2.5,0.899088
3.9,2.6,0.888264
3.9,2.7,0.873294
3.9,2.8,0.854394
3.9,2.9,0.83183
3.9,3,0.805916
3.9,3.1,0.777006
3.9,3.2,0.745482
3.9,3.3,0.711753
3.9,3.4,0.676239
3.9,3.5,0.639367
3.9,3.6,0.60156
3.9,3.7,0.563231
3.9,3.8,0.524775
3.9,3.9,0.486562
3.9,4,0.448935
3.9,4.1,0.412198
3.9,4.2,0.376624
3.9,4.3,0.342444
3.9,4.4,0.309849
3.9,4.5,0.27899
3.9,4.6,0.249981
3.9,4.7,0.222896
3.9,4.8,0.197778
3.9,4.9,0.174636
3.9,5,0.15345
4,0,0.247986
4,0.1,0.277061
4,0.2,0.308038
4,0.3,0.340808
4,0.4,0.375229
4,0.5,0.411112
4,0.6,0.448233
4,0.7,0.486325
4,0.8,0.525082
4,0.9,0.564167
4,1,0.603207
4,1.1,0.641807
4,1.2,0.67955
4,1.3,0.716007
4,1.4,0.750744
4,1.5,0.783331
4,1.6,0.81335
4,1.7,0.840406
4,1.8,0.86413
4,1.9,0.884196
4,2,0.900319
4,2.1,0.91227
4,2.2,0.919876
4,2.3,0.923026
4,2.4,0.921674
4,2.5,0.915841
4,2.6,0.905611
4,2.7,0.891132
4,2.8,0.872612
4,2.9,0.850314
4,3,0.824549
4,3.1,0.795669
4,3.2,0.76406
4,3.3,0.730132
4,3.4,0.694311
4,3.5,0.657031
4,3.6,0.618723
4,3.7,0.57981
4,3.8,0.540697
4,3.9,0.501766
4,4,0.46337
4,4.1,0.425827
4,4.2,0.389419
4,4.3,0.354388
4,4.4,0.320938
4,4.5,0.289229
4,4.6,0.259383
4,4.7,0.231484
4,4.8,0.205579
4,4.9,0.181683
4,5,0.159783
4.1,0,0.246681
4.1,0.1,0.275846
4.1,0.2,0.306956
4.1,0.3,0.339911
4.1,0.4,0.374569
4.1,0.5,0.410751
4.1,0.6,0.448233
4.1,0.7,0.486752
4.1,0.8,0.526006
4.1,0.9,0.565657
4.1,1,0.605332
4.1,1.1,0.644634
4.1,1.2,0.683144
4.1,1.3,0.720426
4.1,1.4,0.756042
4.1,1.5,0.789553
4.1,1.6,0.820532
4.1,1.7,0.848572
4.1,1.8,0.873295
4.1,1.9,0.894359
4.1,2,0.911468
4.1,2.1,0.924379
4.1,2.2,0.932906
4.1,2.3,0.936924
4.1,2.4,0.936375
4.1,2.5,0.931267
4.1,2.6,0.921675
4.1,2.7,0.907736
4.1,2.8,0.889654
4.1,2.9,0.867683
4.1,3,0.842131
4.1,3.1,0.81335
4.1,3.2,0.781726
4.1,3.3,0.74767
4.1,3.4,0.711614
4.1,3.5,0.673997
4.1,3.6,0.635258
4.1,3.7,0.595829
4.1,3.8,0.556124
4.1,3.9,0.516536
4.1,4,0.477429
4.1,4.1,0.439133
4.1,4.2,0.40194
4.1,4.3,0.366105
4.1,4.4,0.331841
4.1,4.5,0.299318
4.1,4.6,0.268667
4.1,4.7,0.239979
4.1,4.8,0.213311
4.1,4.9,0.188682
4.1,5,0.166084
4.2,0,0.244953
4.2,0.1,0.274154
4.2,0.2,0.305341
4.2,0.3,0.33842
4.2,0.4,0.373255
4.2,0.5,0.409669
4.2,0.6,0.447446
4.2,0.7,0.486325
4.2,0.8,0.526006
4.2,0.9,0.566154
4.2,1,0.606397
4.2,1.1,0.646337
4.2,1.2,0.68555
4.2,1.3,0.7236
4.2,1.4,0.760041
4.2,1.5,0.794427
4.2,1.6,0.826323
4.2,1.7,0.855313
4.2,1.8,0.881006
4.2,1.9,0.903049
4.2,2,0.921135
4.2,2.1,0.935004
4.2,2.2,0.944459
4.2,2.3,0.949361
4.2,2.4,0.949639
4.2,2.5,0.94529
4.2,2.6,0.936375
4.2,2.7,0.923026
4.2,2.8,0.905434
4.2,2.9,0.88385
4.2,3,0.858577
4.2,3.1,0.829963
4.2,3.2,0.798394
4.2,3.3,0.764284
4.2,3.4,0.728067
4.2,3.5,0.690187
4.2,3.6,0.651089
4.2,3.7,0.611215
4.2,3.8,0.570986
4.2,3.9,0.530807
4.2,4,0.491051
4.2,4.1,0.452059
4.2,4.2,0.414136
4.2,4.3,0.377545
4.2,4.4,0.342511
4.2,4.5,0.309214
4.2,4.6,0.277793
4.2,4.7,0.24835
4.2,4.8,0.220945
4.2,4.9,0.195607
4.2,5,0.172331
4.3,0,0.242809
4.3,0.1,0.271993
4.3,0.2,0.303202
4.3,0.3,0.336344
4.3,0.4,0.371291
4.3,0.5,0.407872
4.3,0.6,0.445875
4.3,0.7,0.485044
4.3,0.8,0.525082
4.3,0.9,0.565657
4.3,1,0.606397
4.3,1.1,0.646905
4.3,1.2,0.686757
4.3,1.3,0.725511
4.3,1.4,0.762718
4.3,1.5,0.797927
4.3,1.6,0.830693
4.3,1.7,0.860592
4.3,1.8,0.887224
4.3,1.9,0.910223
4.3,2,0.929268
4.3,2.1,0.94409
4.3,2.2,0.954475
4.3,2.3,0.960273
4.3,2.4,0.961399
4.3,2.5,0.957838
4.3,2.6,0.949639
4.3,2.7,0.936924
4.3,2.8,0.919876
4.3,2.9,0.898737
4.3,3,0.873807
4.3,3.1,0.845428
4.3,3.2,0.813986
4.3,3.3,0.779895
4.3,3.4,0.743591
4.3,3.5,0.705523
4.3,3.6,0.666143
4.3,3.7,0.625896
4.3,3.8,0.585216
4.3,3.9,0.544514
4.3,4,0.504174
4.3,4.1,0.464548
4.3,4.2,0.425951
4.3,4.3,0.388659
4.3,4.4,0.352903
4.3,4.5,0.318876
4.3,4.6,0.286726
4.3,4.7,0.256561
4.3,4.8,0.228451
4.3,4.9,0.20243
4.3,5,0.178499
4.4,0,0.240261
4.4,0.1,0.269376
4.4,0.2,0.300548
4.4,0.3,0.333693
4.4,0.4,0.368689
4.4,0.5,0.40537
4.4,0.6,0.443529
4.4,0.7,0.482916
4.4,0.8,0.523239
4.4,0.9,0.564167
4.4,1,0.605332
4.4,1.1,0.646337
4.4,1.2,0.686757
4.4,1.3,0.726149
4.4,1.4,0.76406
4.4,1.5,0.800034
4.4,1.6,0.83362
4.4,1.7,0.864384
4.4,1.8,0.891916
4.4,1.9,0.915841
4.4,2,0.935827
4.4,2.1,0.951589
4.4,2.2,0.962903
4.4,2.3,0.969604
4.4,2.4,0.971595
4.4,2.5,0.968847
4.4,2.6,0.961399
4.4,2.7,0.949361
4.4,2.8,0.932906
4.4,2.9,0.91227
4.4,3,0.887744
4.4,3.1,0.859668
4.4,3.2,0.828425
4.4,3.3,0.794427
4.4,3.4,0.758113
4.4,3.5,0.719934
4.4,3.6,0.680347
4.4,3.7,0.639804
4.4,3.8,0.598746
4.4,3.9,0.557593
4.4,4,0.516738
4.4,4.1,0.476544
4.4,4.2,0.437335
4.4,4.3,0.399396
4.4,4.4,0.362972
4.4,4.5,0.328262
4.4,4.6,0.295425
4.4,4.7,0.264578
4.4,4.8,0.235797
4.4,4.9,0.209123
4.4,5,0.184563
4.5,0,0.237322
4.5,0.1,0.266315
4.5,0.2,0.297394
4.5,0.3,0.330482
4.5,0.4,0.365462
4.5,0.5,0.402175
4.5,0.6,0.440421
4.5,0.7,0.479954
4.5,0.8,0.520486
4.5,0.9,0.561692
4.5,1,0.603207
4.5,1.1,0.644634
4.5,1.2,0.68555
4.5,1.3,0.725511
4.5,1.4,0.76406
4.5,1.5,0.800738
4.5,1.6,0.835087
4.5,1.7,0.866666
4.5,1.8,0.895058
4.5,1.9,0.919876
4.5,2,0.940776
4.5,2.1,0.957463
4.5,2.2,0.969699
4.5,2.3,0.977306
4.5,2.4,0.980175
4.5,2.5,0.978262
4.5,2.6,0.971595
4.5,2.7,0.960273
4.5,2.8,0.944459
4.5,2.9,0.92438
4.5,3,0.900319
4.5,3.1,0.872612
4.5,3.2,0.841638
4.5,3.3,0.807808
4.5,3.4,0.77156
4.5,3.5,0.733349
4.5,3.6,0.693633
4.5,3.7,0.652873
4.5,3.8,0.611513
4.5,3.9,0.569983
4.5,4,0.528685
4.5,4.1,0.48799
4.5,4.2,0.448233
4.5,4.3,0.40971
4.5,4.4,0.372672
4.5,4.5,0.337331
4.5,4.6,0.303854
4.5,4.7,0.272366
4.5,4.8,0.242951
4.5,4.9,0.215658
4.5,5,0.190497
4.6,0,0.234007
4.6,0.1,0.262826
4.6,0.2,0.293756
4.6,0.3,0.326726
4.6,0.4,0.361627
4.6,0.5,0.398305
4.6,0.6,0.436566
4.6,0.7,0.476171
4.6,0.8,0.516839
4.6,0.9,0.558247
4.6,1,0.600034
4.6,1.1,0.641807
4.6,1.2,0.683144
4.6,1.3,0.7236
4.6,1.4,0.762718
4.6,1.5,0.800034
4.6,1.6,0.835087
4.6,1.7,0.867429
4.6,1.8,0.896633
4.6,1.9,0.922305
4.6,2,0.94409
4.6,2.1,0.961681
4.6,2.2,0.974828
4.6,2.3,0.983339
4.6,2.4,0.987092
4.6,2.5,0.986032
4.6,2.6,0.980175
4.6,2.7,0.969604
4.6,2.8,0.954475
4.6,2.9,0.935004
4.6,3,0.911468
4.6,3.1,0.884196
4.6,3.2,0.85356
4.6,3.3,0.819971
4.6,3.4,0.783867
4.6,3.5,0.745701
4.6,3.6,0.705937
4.6,3.7,0.665038
4.6,3.8,0.623455
4.6,3.9,0.581626
4.6,4,0.539959
4.6,4.1,0.498834
4.6,4.2,0.458597
4.6,4.3,0.419551
4.6,4.4,0.381959
4.6,4.5,0.346042
4.6,4.6,0.311975
4.6,4.7,0.279891
4.6,4.8,0.249883
4.6,4.9,0.222006
4.6,5,0.196277
4.7,0,0.230333
4.7,0.1,0.258927
4.7,0.2,0.289653
4.7,0.3,0.322446
4.7,0.4,0.357203
4.7,0.5,0.393779
4.7,0.6,0.431985
4.7,0.7,0.471589
4.7,0.8,0.512315
4.7,0.9,0.553847
4.7,1,0.595829
4.7,1.1,0.63787
4.7,1.2,0.67955
4.7,1.3,0.720426
4.7,1.4,0.760041
4.7,1.5,0.797927
4.7,1.6,0.83362
4.7,1.7,0.866666
4.7,1.8,0.896633
4.7,1.9,0.923116
4.7,2,0.945752
4.7,2.1,0.964221
4.7,2.2,0.978262
4.7,2.3,0.987671
4.7,2.4,0.992313
4.7,2.5,0.992119
4.7,2.6,0.987092
4.7,2.7,0.977307
4.7,2.8,0.962903
4.7,2.9,0.94409
4.7,3,0.921135
4.7,3.1,0.894359
4.7,3.2,0.86413
4.7,3.3,0.830856
4.7,3.4,0.79497
4.7,3.5,0.756929
4.7,3.6,0.717197
4.7,3.7,0.676239
4.7,3.8,0.634514
4.7,3.9,0.592463
4.7,4,0.550503
4.7,4.1,0.509023
4.7,4.2,0.468375
4.7,4.3,0.428874
4.7,4.4,0.390791
4.7,4.5,0.354354
4.7,4.6,0.319749
4.7,4.7,0.287118
4.7,4.8,0.256561
4.7,4.9,0.228139
4.7,5,0.201877
4.8,0,0.226319
4.8,0.1,0.254638
4.8,0.2,0.285106
4.8,0.3,0.317663
4.8,0.4,0.352214
4.8,0.5,0.38862
4.8,0.6,0.426701
4.8,0.7,0.46623
4.8,0.8,0.506939
4.8,0.9,0.548517
4.8,1,0.590614
4.8,1.1,0.632843
4.8,1.2,0.674787
4.8,1.3,0.716007
4.8,1.4,0.756042
4.8,1.5,0.794427
4.8,1.6,0.830694
4.8,1.7,0.864384
4.8,1.8,0.895058
4.8,1.9,0.922305
4.8,2,0.945752
4.8,2.1,0.965069
4.8,2.2,0.979983
4.8,2.3,0.990279
4.8,2.4,0.995808
4.8,2.5,0.99649
4.8,2.6,0.992313
4.8,2.7,0.983339
4.8,2.8,0.969699
4.8,2.9,0.95159
4.8,3,0.929268
4.8,3.1,0.903049
4.8,3.2,0.873295
4.8,3.3,0.840406
4.8,3.4,0.804815
4.8,3.5,0.766977
4.8,3.6,0.727356
4.8,3.7,0.686422
4.8,3.8,0.644635
4.8,3.9,0.602442
4.8,4,0.560268
4.8,4.1,0.518508
4.8,4.2,0.477522
4.8,4.3,0.437634
4.8,4.4,0.399123
4.8,4.5,0.362228
4.8,4.6,0.327142
4.8,4.7,0.294015
4.8,4.8,0.262955
4.8,4.9,0.23403
4.8,5,0.207272
4.9,0,0.221984
4.9,0.1,0.24998
4.9,0.2,0.280137
4.9,0.3,0.312401
4.9,0.4,0.346684
4.9,0.5,0.382856
4.9,0.6,0.420741
4.9,0.7,0.460122
4.9,0.8,0.500738
4.9,0.9,0.542284
4.9,1,0.584416
4.9,1.1,0.626752
4.9,1.2,0.668881
4.9,1.3,0.710364
4.9,1.4,0.750744
4.9,1.5,0.789553
4.9,1.6,0.826323
4.9,1.7,0.860593
4.9,1.8,0.891916
4.9,1.9,0.919876
4.9,2,0.94409
4.9,2.1,0.964221
4.9,2.2,0.979983
4.9,2.3,0.99115
4.9,2.4,0.997561
4.9,2.5,0.999121
4.9,2.6,0.995809
4.9,2.7,0.987671
4.9,2.8,0.974828
4.9,2.9,0.957464
4.9,3,0.935827
4.9,3.1,0.910223
4.9,3.2,0.881006
4.9,3.3,0.848572
4.9,3.4,0.81335
4.9,3.5,0.775792
4.9,3.6,0.736364
4.9,3.7,0.695533
4.9,3.8,0.653766
4.9,3.9,0.611513
4.9,4,0.569204
4.9,4.1,0.527241
4.9,4.2,0.485993
4.9,4.3,0.445788
4.9,4.4,0.406918
4.9,4.5,0.369627
4.9,4.6,0.334118
4.9,4.7,0.300548
4.9,4.8,0.269034
4.9,4.9,0.239652
4.9,5,0.212438
5,0,0.217349
5,0.1,0.244977
5,0.2,0.274771
5,0.3,0.306687
5,0.4,0.340642
5,0.5,0.376514
5,0.6,0.414135
5,0.7,0.453297
5,0.8,0.493744
5,0.9,0.53518
5,1,0.577267
5,1.1,0.61963
5,1.2,0.661862
5,1.3,0.703528
5,1.4,0.744173
5,1.5,0.783331
5,1.6,0.820532
5,1.7,0.855313
5,1.8,0.887224
5,1.9,0.915842
5,2,0.940776
5,2.1,0.961682
5,2.2,0.978262
5,2.3,0.99028
5,2.4,0.997561
5,2.5,1
5,2.6,0.997561
5,2.7,0.99028
5,2.8,0.978262
5,2.9,0.961681
5,3,0.940776
5,3.1,0.915841
5,3.2,0.887224
5,3.3,0.855313
5,3.4,0.820532
5,3.5,0.783331
5,3.6,0.744173
5,3.7,0.703528
5,3.8,0.661862
5,3.9,0.619631
5,4,0.577267
5,4.1,0.53518
5,4.2,0.493744
5,4.3,0.453297
5,4.4,0.414136
5,4.5,0.376514
5,4.6,0.340643
5,4.7,0.306687
5,4.8,0.274771
5,4.9,0.244977
5,5,0.217349
5.1,0,0.212437
5.1,0.1,0.239651
5.1,0.2,0.269034
5.1,0.3,0.300548
5.1,0.4,0.334117
5.1,0.5,0.369627
5.1,0.6,0.406918
5.1,0.7,0.445788
5.1,0.8,0.485992
5.1,0.9,0.527241
5.1,1,0.569204
5.1,1.1,0.611513
5.1,1.2,0.653766
5.1,1.3,0.695533
5.1,1.4,0.736364
5.1,1.5,0.775792
5.1,1.6,0.813351
5.1,1.7,0.848572
5.1,1.8,0.881006
5.1,1.9,0.910223
5.1,2,0.935827
5.1,2.1,0.957464
5.1,2.2,0.974828
5.1,2.3,0.987671
5.1,2.4,0.995809
5.1,2.5,0.999121
5.1,2.6,0.997561
5.1,2.7,0.991151
5.1,2.8,0.979983
5.1,2.9,0.964221
5.1,3,0.94409
5.1,3.1,0.919876
5.1,3.2,0.891916
5.1,3.3,0.860593
5.1,3.4,0.826324
5.1,3.5,0.789553
5.1,3.6,0.750744
5.1,3.7,0.710364
5.1,3.8,0.668882
5.1,3.9,0.626753
5.1,4,0.584416
5.1,4.1,0.542284
5.1,4.2,0.500738
5.1,4.3,0.460122
5.1,4.4,0.420741
5.1,4.5,0.382856
5.1,4.6,0.346685
5.1,4.7,0.312402
5.1,4.8,0.280137
5.1,4.9,0.249981
5.1,5,0.221984
5.2,0,0.207272
5.2,0.1,0.23403
5.2,0.2,0.262954
5.2,0.3,0.294014
5.2,0.4,0.327142
5.2,0.5,0.362228
5.2,0.6,0.399123
5.2,0.7,0.437634
5.2,0.8,0.477522
5.2,0.9,0.518508
5.2,1,0.560268
5.2,1.1,0.602442
5.2,1.2,0.644635
5.2,1.3,0.686422
5.2,1.4,0.727356
5.2,1.5,0.766977
5.2,1.6,0.804815
5.2,1.7,0.840406
5.2,1.8,0.873295
5.2,1.9,0.90305
5.2,2,0.929269
5.2,2.1,0.95159
5.2,2.2,0.9697
5.2,2.3,0.983339
5.2,2.4,0.992313
5.2,2.5,0.99649
5.2,2.6,0.995809
5.2,2.7,0.99028
5.2,2.8,0.979983
5.2,2.9,0.965069
5.2,3,0.945752
5.2,3.1,0.922305
5.2,3.2,0.895058
5.2,3.3,0.864384
5.2,3.4,0.830694
5.2,3.5,0.794427
5.2,3.6,0.756043
5.2,3.7,0.716007
5.2,3.8,0.674788
5.2,3.9,0.632843
5.2,4,0.590614
5.2,4.1,0.548517
5.2,4.2,0.506939
5.2,4.3,0.46623
5.2,4.4,0.426701
5.2,4.5,0.388621
5.2,4.6,0.352215
5.2,4.7,0.317664
5.2,4.8,0.285106
5.2,4.9,0.254639
5.2,5,0.226319
5.3,0,0.201877
5.3,0.1,0.228139
5.3,0.2,0.256561
5.3,0.3,0.287118
5.3,0.4,0.319749
5.3,0.5,0.354354
5.3,0.6,0.39079
5.3,0.7,0.428874
5.3,0.8,0.468375
5.3,0.9,0.509023
5.3,1,0.550503
5.3,1.1,0.592463
5.3,1.2,0.634514
5.3,1.3,0.676239
5.3,1.4,0.717197
5.3,1.5,0.756929
5.3,1.6,0.794971
5.3,1.7,0.830856
5.3,1.8,0.864131
5.3,1.9,0.894359
5.3,2,0.921135
5.3,2.1,0.94409
5.3,2.2,0.962904
5.3,2.3,0.977307
5.3,2.4,0.987093
5.3,2.5,0.992119
5.3,2.6,0.992313
5.3,2.7,0.987671
5.3,2.8,0.978262
5.3,2.9,0.964221
5.3,3,0.945752
5.3,3.1,0.923117
5.3,3.2,0.896633
5.3,3.3,0.866666
5.3,3.4,0.83362
5.3,3.5,0.797927
5.3,3.6,0.760041
5.3,3.7,0.720427
5.3,3.8,0.67955
5.3,3.9,0.63787
5.3,4,0.595829
5.3,4.1,0.553847
5.3,4.2,0.512316
5.3,4.3,0.471589
5.3,4.4,0.431985
5.3,4.5,0.393779
5.3,4.6,0.357204
5.3,4.7,0.322447
5.3,4.8,0.289653
5.3,4.9,0.258928
5.3,5,0.230333
5.4,0,0.196277
5.4,0.1,0.222005
5.4,0.2,0.249883
5.4,0.3,0.27989
5.4,0.4,0.311974
5.4,0.5,0.346042
5.4,0.6,0.381959
5.4,0.7,0.419551
5.4,0.8,0.458597
5.4,0.9,0.498834
5.4,1,0.539958
5.4,1.1,0.581625
5.4,1.2,0.623455
5.4,1.3,0.665038
5.4,1.4,0.705937
5.4,1.5,0.745701
5.4,1.6,0.783867
5.4,1.7,0.819972
5.4,1.8,0.85356
5.4,1.9,0.884196
5.4,2,0.911469
5.4,2.1,0.935005
5.4,2.2,0.954476
5.4,2.3,0.969605
5.4,2.4,0.980175
5.4,2.5,0.986033
5.4,2.6,0.987093
5.4,2.7,0.98334
5.4,2.8,0.974828
5.4,2.9,0.961682
5.4,3,0.94409
5.4,3.1,0.922305
5.4,3.2,0.896633
5.4,3.3,0.867429
5.4,3.4,0.835087
5.4,3.5,0.800034
5.4,3.6,0.762718
5.4,3.7,0.723601
5.4,3.8,0.683144
5.4,3.9,0.641808
5.4,4,0.600034
5.4,4.1,0.558247
5.4,4.2,0.516839
5.4,4.3,0.476172
5.4,4.4,0.436567
5.4,4.5,0.398306
5.4,4.6,0.361627
5.4,4.7,0.326727
5.4,4.8,0.293757
5.4,4.9,0.262826
5.4,5,0.234007
5.5,0,0.190497
5.5,0.1,0.215657
5.5,0.2,0.242951
5.5,0.3,0.272366
5.5,0.4,0.303854
5.5,0.5,0.337331
5.5,0.6,0.372672
5.5,0.7,0.40971
5.5,0.8,0.448233
5.5,0.9,0.48799
5.5,1,0.528685
5.5,1.1,0.569983
5.5,1.2,0.611513
5.5,1.3,0.652873
5.5,1.4,0.693634
5.5,1.5,0.733349
5.5,1.6,0.771561
5.5,1.7,0.807808
5.5,1.8,0.841638
5.5,1.9,0.872613
5.5,2,0.900319
5.5,2.1,0.92438
5.5,2.2,0.944459
5.5,2.3,0.960274
5.5,2.4,0.971596
5.5,2.5,0.978262
5.5,2.6,0.980175
5.5,2.7,0.977307
5.5,2.8,0.9697
5.5,2.9,0.957464
5.5,3,0.940776
5.5,3.1,0.919876
5.5,3.2,0.895058
5.5,3.3,0.866667
5.5,3.4,0.835087
5.5,3.5,0.800738
5.5,3.6,0.764061
5.5,3.7,0.725511
5.5,3.8,0.685551
5.5,3.9,0.644635
5.5,4,0.603208
5.5,4.1,0.561693
5.5,4.2,0.520487
5.5,4.3,0.479954
5.5,4.4,0.440421
5.5,4.5,0.402176
5.5,4.6,0.365462
5.5,4.7,0.330482
5.5,4.8,0.297394
5.5,4.9,0.266315
5.5,5,0.237322
5.6,0,0.184563
5.6,0.1,0.209123
5.6,0.2,0.235797
5.6,0.3,0.264578
5.6,0.4,0.295425
5.6,0.5,0.328262
5.6,0.6,0.362972
5.6,0.7,0.399396
5.6,0.8,0.437335
5.6,0.9,0.476544
5.6,1,0.516738
5.6,1.1,0.557593
5.6,1.2,0.598746
5.6,1.3,0.639804
5.6,1.4,0.680347
5.6,1.5,0.719934
5.6,1.6,0.758113
5.6,1.7,0.794427
5.6,1.8,0.828425
5.6,1.9,0.859669
5.6,2,0.887744
5.6,2.1,0.91227
5.6,2.2,0.932907
5.6,2.3,0.949362
5.6,2.4,0.9614
5.6,2.5,0.968848
5.6,2.6,0.971596
5.6,2.7,0.969605
5.6,2.8,0.962904
5.6,2.9,0.95159
5.6,3,0.935827
5.6,3.1,0.915842
5.6,3.2,0.891916
5.6,3.3,0.864384
5.6,3.4,0.83362
5.6,3.5,0.800034
5.6,3.6,0.764061
5.6,3.7,0.72615
5.6,3.8,0.686757
5.6,3.9,0.646337
5.6,4,0.605333
5.6,4.1,0.564167
5.6,4.2,0.52324
5.6,4.3,0.482917
5.6,4.4,0.44353
5.6,4.5,0.405371
5.6,4.6,0.368689
5.6,4.7,0.333694
5.6,4.8,0.300548
5.6,4.9,0.269376
5.6,5,0.240261
5.7,0,0.178499
5.7,0.1,0.20243
5.7,0.2,0.228451
5.7,0.3,0.256561
5.7,0.4,0.286726
5.7,0.5,0.318876
5.7,0.6,0.352903
5.7,0.7,0.388659
5.7,0.8,0.425951
5.7,0.9,0.464548
5.7,1,0.504174
5.7,1.1,0.544514
5.7,1.2,0.585216
5.7,1.3,0.625896
5.7,1.4,0.666143
5.7,1.5,0.705524
5.7,1.6,0.743592
5.7,1.7,0.779896
5.7,1.8,0.813987
5.7,1.9,0.845429
5.7,2,0.873807
5.7,2.1,0.898738
5.7,2.2,0.919876
5.7,2.3,0.936925
5.7,2.4,0.94964
5.7,2.5,0.957838
5.7,2.6,0.9614
5.7,2.7,0.960274
5.7,2.8,0.954476
5.7,2.9,0.944091
5.7,3,0.929269
5.7,3.1,0.910223
5.7,3.2,0.887224
5.7,3.3,0.860593
5.7,3.4,0.830694
5.7,3.5,0.797927
5.7,3.6,0.762719
5.7,3.7,0.725512
5.7,3.8,0.686757
5.7,3.9,0.646906
5.7,4,0.606398
5.7,4.1,0.565657
5.7,4.2,0.525083
5.7,4.3,0.485044
5.7,4.4,0.445876
5.7,4.5,0.407873
5.7,4.6,0.371292
5.7,4.7,0.336344
5.7,4.8,0.303202
5.7,4.9,0.271994
5.7,5,0.242809
5.8,0,0.172331
5.8,0.1,0.195607
5.8,0.2,0.220945
5.8,0.3,0.24835
5.8,0.4,0.277793
5.8,0.5,0.309214
5.8,0.6,0.342511
5.8,0.7,0.377545
5.8,0.8,0.414136
5.8,0.9,0.452059
5.8,1,0.491051
5.8,1.1,0.530807
5.8,1.2,0.570986
5.8,1.3,0.611215
5.8,1.4,0.65109
5.8,1.5,0.690187
5.8,1.6,0.728067
5.8,1.7,0.764285
5.8,1.8,0.798395
5.8,1.9,0.829964
5.8,2,0.858578
5.8,2.1,0.883851
5.8,2.2,0.905435
5.8,2.3,0.923027
5.8,2.4,0.936376
5.8,2.5,0.94529
5.8,2.6,0.94964
5.8,2.7,0.949362
5.8,2.8,0.944459
5.8,2.9,0.935005
5.8,3,0.921135
5.8,3.1,0.90305
5.8,3.2,0.881006
5.8,3.3,0.855313
5.8,3.4,0.826324
5.8,3.5,0.794427
5.8,3.6,0.760041
5.8,3.7,0.723601
5.8,3.8,0.685551
5.8,3.9,0.646337
5.8,4,0.606398
5.8,4.1,0.566155
5.8,4.2,0.526007
5.8,4.3,0.486325
5.8,4.4,0.447446
5.8,4.5,0.40967
5.8,4.6,0.373255
5.8,4.7,0.338421
5.8,4.8,0.305342
5.8,4.9,0.274154
5.8,5,0.244953
5.9,0,0.166084
5.9,0.1,0.188682
5.9,0.2,0.213311
5.9,0.3,0.239979
5.9,0.4,0.268666
5.9,0.5,0.299317
5.9,0.6,0.331841
5.9,0.7,0.366105
5.9,0.8,0.40194
5.9,0.9,0.439133
5.9,1,0.477429
5.9,1.1,0.516536
5.9,1.2,0.556124
5.9,1.3,0.595829
5.9,1.4,0.635259
5.9,1.5,0.673997
5.9,1.6,0.711615
5.9,1.7,0.747671
5.9,1.8,0.781726
5.9,1.9,0.813351
5.9,2,0.842132
5.9,2.1,0.867683
5.9,2.2,0.889654
5.9,2.3,0.907737
5.9,2.4,0.921675
5.9,2.5,0.931268
5.9,2.6,0.936376
5.9,2.7,0.936925
5.9,2.8,0.932907
5.9,2.9,0.92438
5.9,3,0.911469
5.9,3.1,0.894359
5.9,3.2,0.873295
5.9,3.3,0.848573
5.9,3.4,0.820533
5.9,3.5,0.789554
5.9,3.6,0.756043
5.9,3.7,0.720427
5.9,3.8,0.683144
5.9,3.9,0.644635
5.9,4,0.605333
5.9,4.1,0.565657
5.9,4.2,0.526007
5.9,4.3,0.486753
5.9,4.4,0.448234
5.9,4.5,0.410752
5.9,4.6,0.37457
5.9,4.7,0.339911
5.9,4.8,0.306957
5.9,4.9,0.275847
5.9,5,0.246682
6,0,0.159782
6,0.1,0.181683
6,0.2,0.205578
6,0.3,0.231484
6,0.4,0.259383
6,0.5,0.289229
6,0.6,0.320938
6,0.7,0.354389
6,0.8,0.389419
6,0.9,0.425827
6,1,0.46337
6,1.1,0.501767
6,1.2,0.540698
6,1.3,0.579811
6,1.4,0.618724
6,1.5,0.657031
6,1.6,0.694312
6,1.7,0.730133
6,1.8,0.764061
6,1.9,0.79567
6,2,0.82455
6,2.1,0.850315
6,2.2,0.872613
6,2.3,0.891133
6,2.4,0.905612
6,2.5,0.915842
6,2.6,0.921675
6,2.7,0.923027
6,2.8,0.919876
6,2.9,0.91227
6,3,0.90032
6,3.1,0.884196
6,3.2,0.864131
6,3.3,0.840406
6,3.4,0.813351
6,3.5,0.783331
6,3.6,0.750744
6,3.7,0.716007
6,3.8,0.67955
6,3.9,0.641808
6,4,0.603208
6,4.1,0.564167
6,4.2,0.525083
6,4.3,0.486325
6,4.4,0.448234
6,4.5,0.411113
6,4.6,0.375229
6,4.7,0.340809
6,4.8,0.308038
6,4.9,0.277062
6,5,0.247987
6.1,0,0.15345
6.1,0.1,0.174636
6.1,0.2,0.197778
6.1,0.3,0.222896
6.1,0.4,0.249981
6.1,0.5,0.27899
6.1,0.6,0.309849
6.1,0.7,0.342444
6.1,0.8,0.376624
6.1,0.9,0.412198
6.1,1,0.448935
6.1,1.1,0.486563
6.1,1.2,0.524775
6.1,1.3,0.563231
6.1,1.4,0.60156
6.1,1.5,0.639367
6.1,1.6,0.67624
6.1,1.7,0.711754
6.1,1.8,0.745483
6.1,1.9,0.777006
6.1,2,0.805917
6.1,2.1,0.831831
6.1,2.2,0.854395
6.1,2.3,0.873295
6.1,2.4,0.888265
6.1,2.5,0.899089
6.1,2.6,0.905612
6.1,2.7,0.907737
6.1,2.8,0.905435
6.1,2.9,0.898738
6.1,3,0.887744
6.1,3.1,0.872613
6.1,3.2,0.853561
6.1,3.3,0.830856
6.1,3.4,0.804816
6.1,3.5,0.775793
6.1,3.6,0.744173
6.1,3.7,0.710365
6.1,3.8,0.674788
6.1,3.9,0.63787
6.1,4,0.600035
6.1,4.1,0.561693
6.1,4.2,0.52324
6.1,4.3,0.485044
6.1,4.4,0.447446
6.1,4.5,0.410752
6.1,4.6,0.375229
6.1,4.7,0.341109
6.1,4.8,0.30858
6.1,4.9,0.277794
6.1,5,0.24886
6.2,0,0.147109
6.2,0.1,0.167567
6.2,0.2,0.18994
6.2,0.3,0.214251
6.2,0.4,0.240496
6.2,0.5,0.26864
6.2,0.6,0.298617
6.2,0.7,0.330321
6.2,0.8,0.363611
6.2,0.9,0.398306
6.2,1,0.434185
6.2,1.1,0.470991
6.2,1.2,0.508427
6.2,1.3,0.546165
6.2,1.4,0.583846
6.2,1.5,0.621085
6.2,1.6,0.657481
6.2,1.7,0.692618
6.2,1.8,0.726079
6.2,1.9,0.757447
6.2,2,0.786321
6.2,2.1,0.812319
6.2,2.2,0.835087
6.2,2.3,0.854311
6.2,2.4,0.86972
6.2,2.5,0.881092
6.2,2.6,0.888265
6.2,2.7,0.891133
6.2,2.8,0.889654
6.2,2.9,0.883851
6.2,3,0.873807
6.2,3.1,0.859669
6.2,3.2,0.841639
6.2,3.3,0.819972
6.2,3.4,0.794971
6.2,3.5,0.766977
6.2,3.6,0.736364
6.2,3.7,0.703528
6.2,3.8,0.668882
6.2,3.9,0.632843
6.2,4,0.595829
6.2,4.1,0.558247
6.2,4.2,0.520487
6.2,4.3,0.482917
6.2,4.4,0.445876
6.2,4.5,0.40967
6.2,4.6,0.37457
6.2,4.7,0.340809
6.2,4.8,0.30858
6.2,4.9,0.278038
6.2,5,0.249298
6.3,0,0.140783
6.3,0.1,0.160502
6.3,0.2,0.182091
6.3,0.3,0.205578
6.3,0.4,0.230964
6.3,0.5,0.25822
6.3,0.6,0.287286
6.3,0.7,0.318067
6.3,0.8,0.35043
6.3,0.9,0.384205
6.3,1,0.419182
6.3,1.1,0.455116
6.3,1.2,0.491723
6.3,1.3,0.528686
6.3,1.4,0.565657
6.3,1.5,0.602266
6.3,1.6,0.63812
6.3,1.7,0.672814
6.3,1.8,0.705938
6.3,1.9,0.737084
6.3,2,0.765854
6.3,2.1,0.791871
6.3,2.2,0.814782
6.3,2.3,0.834272
6.3,2.4,0.850066
6.3,2.5,0.861939
6.3,2.6,0.86972
6.3,2.7,0.873295
6.3,2.8,0.872613
6.3,2.9,0.867683
6.3,3,0.858578
6.3,3.1,0.845429
6.3,3.2,0.828425
6.3,3.3,0.807809
6.3,3.4,0.783867
6.3,3.5,0.75693
6.3,3.6,0.727357
6.3,3.7,0.695534
6.3,3.8,0.661863
6.3,3.9,0.626753
6.3,4,0.590614
6.3,4.1,0.553848
6.3,4.2,0.516839
6.3,4.3,0.479954
6.3,4.4,0.44353
6.3,4.5,0.407873
6.3,4.6,0.373255
6.3,4.7,0.339912
6.3,4.8,0.308038
6.3,4.9,0.277794
6.3,5,0.249298
6.4,0,0.134492
6.4,0.1,0.153465
6.4,0.2,0.174261
6.4,0.3,0.196911
6.4,0.4,0.221421
6.4,0.5,0.247768
6.4,0.6,0.2759
6.4,0.7,0.30573
6.4,0.8,0.337134
6.4,0.9,0.369952
6.4,1,0.403987
6.4,1.1,0.439004
6.4,1.2,0.474732
6.4,1.3,0.510867
6.4,1.4,0.547073
6.4,1.5,0.582991
6.4,1.6,0.61824
6.4,1.7,0.652427
6.4,1.8,0.685149
6.4,1.9,0.716007
6.4,2,0.74461
6.4,2.1,0.770582
6.4,2.2,0.793575
6.4,2.3,0.813272
6.4,2.4,0.829397
6.4,2.5,0.841721
6.4,2.6,0.850066
6.4,2.7,0.854311
6.4,2.8,0.854395
6.4,2.9,0.850315
6.4,3,0.842132
6.4,3.1,0.829964
6.4,3.2,0.813987
6.4,3.3,0.794428
6.4,3.4,0.771561
6.4,3.5,0.745701
6.4,3.6,0.717197
6.4,3.7,0.686422
6.4,3.8,0.653767
6.4,3.9,0.619631
6.4,4,0.584417
6.4,4.1,0.548518
6.4,4.2,0.512316
6.4,4.3,0.476172
6.4,4.4,0.440422
6.4,4.5,0.405371
6.4,4.6,0.371292
6.4,4.7,0.338421
6.4,4.8,0.306957
6.4,4.9,0.277062
6.4,5,0.24886
6.5,0,0.128257
6.5,0.1,0.146478
6.5,0.2,0.166474
6.5,0.3,0.188277
6.5,0.4,0.211899
6.5,0.5,0.237322
6.5,0.6,0.2645
6.5,0.7,0.293355
6.5,0.8,0.323772
6.5,0.9,0.355602
6.5,1,0.388659
6.5,1.1,0.422719
6.5,1.2,0.457523
6.5,1.3,0.492781
6.5,1.4,0.52817
6.5,1.5,0.563342
6.5,1.6,0.597928
6.5,1.7,0.631547
6.5,1.8,0.663805
6.5,1.9,0.694312
6.5,2,0.722683
6.5,2.1,0.748548
6.5,2.2,0.771561
6.5,2.3,0.791407
6.5,2.4,0.807809
6.5,2.5,0.820533
6.5,2.6,0.829397
6.5,2.7,0.834272
6.5,2.8,0.835087
6.5,2.9,0.831831
6.5,3,0.82455
6.5,3.1,0.813351
6.5,3.2,0.798395
6.5,3.3,0.779896
6.5,3.4,0.758114
6.5,3.5,0.733349
6.5,3.6,0.705938
6.5,3.7,0.67624
6.5,3.8,0.644635
6.5,3.9,0.611514
6.5,4,0.577268
6.5,4.1,0.542285
6.5,4.2,0.50694
6.5,4.3,0.471589
6.5,4.4,0.436567
6.5,4.5,0.402176
6.5,4.6,0.36869
6.5,4.7,0.336345
6.5,4.8,0.305342
6.5,4.9,0.275847
6.5,5,0.247987
6.6,0,0.122095
6.6,0.1,0.139564
6.6,0.2,0.158756
6.6,0.3,0.179706
6.6,0.4,0.20243
6.6,0.5,0.226917
6.6,0.6,0.253126
6.6,0.7,0.280986
6.6,0.8,0.310394
6.6,0.9,0.341209
6.6,1,0.373255
6.6,1.1,0.406322
6.6,1.2,0.440164
6.6,1.3,0.4745
6.6,1.4,0.509024
6.6,1.5,0.543398
6.6,1.6,0.577268
6.6,1.7,0.610261
6.6,1.8,0.641996
6.6,1.9,0.672091
6.6,2,0.700169
6.6,2.1,0.725866
6.6,2.2,0.74884
6.6,2.3,0.768777
6.6,2.4,0.7854
6.6,2.5,0.798473
6.6,2.6,0.807809
6.6,2.7,0.813272
6.6,2.8,0.814782
6.6,2.9,0.812319
6.6,3,0.805917
6.6,3.1,0.79567
6.6,3.2,0.781726
6.6,3.3,0.764285
6.6,3.4,0.743592
6.6,3.5,0.719935
6.6,3.6,0.693634
6.6,3.7,0.665038
6.6,3.8,0.634515
6.6,3.9,0.602443
6.6,4,0.569205
6.6,4.1,0.535181
6.6,4.2,0.500739
6.6,4.3,0.46623
6.6,4.4,0.431986
6.6,4.5,0.398306
6.6,4.6,0.365463
6.6,4.7,0.333694
6.6,4.8,0.303202
6.6,4.9,0.274155
6.6,5,0.246682
6.7,0,0.116026
6.7,0.1,0.132743
6.7,0.2,0.151129
6.7,0.3,0.171224
6.7,0.4,0.193045
6.7,0.5,0.216586
6.7,0.6,0.241815
6.7,0.7,0.268667
6.7,0.8,0.297046
6.7,0.9,0.326823
6.7,1,0.357832
6.7,1.1,0.389876
6.7,1.2,0.422719
6.7,1.3,0.456095
6.7,1.4,0.48971
6.7,1.5,0.52324
6.7,1.6,0.556342
6.7,1.7,0.588656
6.7,1.8,0.619813
6.7,1.9,0.649439
6.7,2,0.677165
6.7,2.1,0.702636
6.7,2.2,0.725512
6.7,2.3,0.745483
6.7,2.4,0.762272
6.7,2.5,0.775642
6.7,2.6,0.7854
6.7,2.7,0.791407
6.7,2.8,0.793575
6.7,2.9,0.791871
6.7,3,0.786321
6.7,3.1,0.777006
6.7,3.2,0.764061
6.7,3.3,0.747671
6.7,3.4,0.728068
6.7,3.5,0.705524
6.7,3.6,0.680348
6.7,3.7,0.652873
6.7,3.8,0.623456
6.7,3.9,0.592463
6.7,4,0.560269
6.7,4.1,0.527242
6.7,4.2,0.493745
6.7,4.3,0.460123
6.7,4.4,0.426701
6.7,4.5,0.39378
6.7,4.6,0.361627
6.7,4.7,0.330483
6.7,4.8,0.300548
6.7,4.9,0.271994
6.7,5,0.244953
6.8,0,0.110064
6.8,0.1,0.126034
6.8,0.2,0.143617
6.8,0.3,0.162855
6.8,0.4,0.183771
6.8,0.5,0.206363
6.8,0.6,0.230604
6.8,0.7,0.256436
6.8,0.8,0.283772
6.8,0.9,0.312493
6.8,1,0.342444
6.8,1.1,0.373438
6.8,1.2,0.405252
6.8,1.3,0.437634
6.8,1.4,0.470301
6.8,1.5,0.502945
6.8,1.6,0.535233
6.8,1.7,0.566819
6.8,1.8,0.597345
6.8,1.9,0.626447
6.8,2,0.653767
6.8,2.1,0.678954
6.8,2.2,0.701675
6.8,2.3,0.721625
6.8,2.4,0.738525
6.8,2.5,0.752139
6.8,2.6,0.762272
6.8,2.7,0.768778
6.8,2.8,0.771561
6.8,2.9,0.770582
6.8,3,0.765854
6.8,3.1,0.757448
6.8,3.2,0.745483
6.8,3.3,0.730133
6.8,3.4,0.711615
6.8,3.5,0.690187
6.8,3.6,0.666144
6.8,3.7,0.639805
6.8,3.8,0.611514
6.8,3.9,0.581626
6.8,4,0.550504
6.8,4.1,0.518508
6.8,4.2,0.485993
6.8,4.3,0.453297
6.8,4.4,0.420741
6.8,4.5,0.388621
6.8,4.6,0.357204
6.8,4.7,0.326727
6.8,4.8,0.297394
6.8,4.9,0.269376
6.8,5,0.242809
6.9,0,0.104226
6.9,0.1,0.119453
6.9,0.2,0.136238
6.9,0.3,0.154623
6.9,0.4,0.174636
6.9,0.5,0.196277
6.9,0.6,0.219526
6.9,0.7,0.244332
6.9,0.8,0.270616
6.9,0.9,0.298267
6.9,1,0.327142
6.9,1.1,0.357064
6.9,1.2,0.387825
6.9,1.3,0.419183
6.9,1.4,0.450869
6.9,1.5,0.482587
6.9,1.6,0.51402
6.9,1.7,0.544833
6.9,1.8,0.57468
6.9,1.9,0.603208
6.9,2,0.630068
6.9,2.1,0.654917
6.9,2.2,0.67743
6.9,2.3,0.697303
6.9,2.4,0.714261
6.9,2.5,0.728068
6.9,2.6,0.738525
6.9,2.7,0.745483
6.9,2.8,0.74884
6.9,2.9,0.748548
6.9,3,0.74461
6.9,3.1,0.737084
6.9,3.2,0.726079
6.9,3.3,0.711754
6.9,3.4,0.694312
6.9,3.5,0.673998
6.9,3.6,0.65109
6.9,3.7,0.625897
6.9,3.8,0.598747
6.9,3.9,0.569984
6.9,4,0.539959
6.9,4.1,0.509024
6.9,4.2,0.477523
6.9,4.3,0.445789
6.9,4.4,0.414136
6.9,4.5,0.382856
6.9,4.6,0.352215
6.9,4.7,0.322447
6.9,4.8,0.293757
6.9,4.9,0.266315
6.9,5,0.240261
7,0,0.0985237
7,0.1,0.113017
7,0.2,0.129011
7,0.3,0.14655
7,0.4,0.165663
7,0.5,0.186356
7,0.6,0.208613
7,0.7,0.23239
7,0.8,0.257616
7,0.9,0.284189
7,1,0.311975
7,1.1,0.340809
7,1.2,0.370495
7,1.3,0.400804
7,1.4,0.43148
7,1.5,0.46224
7,1.6,0.492781
7,1.7,0.52278
7,1.8,0.551904
7,1.9,0.579811
7,2,0.606162
7,2.1,0.630622
7,2.2,0.652873
7,2.3,0.672617
7,2.4,0.689581
7,2.5,0.703529
7,2.6,0.714261
7,2.7,0.721625
7,2.8,0.725512
7,2.9,0.725866
7,3,0.722683
7,3.1,0.716008
7,3.2,0.705938
7,3.3,0.692619
7,3.4,0.67624
7,3.5,0.657032
7,3.6,0.635259
7,3.7,0.611215
7,3.8,0.585216
7,3.9,0.557593
7,4,0.528686
7,4.1,0.498835
7,4.2,0.468376
7,4.3,0.437634
7,4.4,0.406918
7,4.5,0.376514
7,4.6,0.346685
7,4.7,0.317664
7,4.8,0.289654
7,4.9,0.262827
7,5,0.237322
7.1,0,0.0929699
7.1,0.1,0.10674
7.1,0.2,0.121952
7.1,0.3,0.138654
7.1,0.4,0.156875
7.1,0.5,0.176626
7.1,0.6,0.197894
7.1,0.7,0.220644
7.1,0.8,0.24481
7.1,0.9,0.270299
7.1,1,0.296988
7.1,1.1,0.324723
7.1,1.2,0.353317
7.1,1.3,0.382557
7.1,1.4,0.412199
7.1,1.5,0.441973
7.1,1.6,0.47159
7.1,1.7,0.500739
7.1,1.8,0.529099
7.1,1.9,0.556342
7.1,2,0.582138
7.1,2.1,0.606162
7.1,2.2,0.628102
7.1,2.3,0.647665
7.1,2.4,0.664584
7.1,2.5,0.678622
7.1,2.6,0.689581
7.1,2.7,0.697303
7.1,2.8,0.701675
7.1,2.9,0.702636
7.1,3,0.700169
7.1,3.1,0.694312
7.1,3.2,0.68515
7.1,3.3,0.672814
7.1,3.4,0.657481
7.1,3.5,0.639368
7.1,3.6,0.618724
7.1,3.7,0.59583
7.1,3.8,0.570987
7.1,3.9,0.544514
7.1,4,0.516739
7.1,4.1,0.487991
7.1,4.2,0.458597
7.1,4.3,0.428874
7.1,4.4,0.399124
7.1,4.5,0.369627
7.1,4.6,0.340643
7.1,4.7,0.312402
7.1,4.8,0.285106
7.1,4.9,0.258928
7.1,5,0.234007
7.2,0,0.087575
7.2,0.1,0.100634
7.2,0.2,0.115078
7.2,0.3,0.130953
7.2,0.4,0.148292
7.2,0.5,0.167109
7.2,0.6,0.187397
7.2,0.7,0.209123
7.2,0.8,0.232231
7.2,0.9,0.256636
7.2,1,0.282224
7.2,1.1,0.308852
7.2,1.2,0.336345
7.2,1.3,0.3645
7.2,1.4,0.393088
7.2,1.5,0.421853
7.2,1.6,0.450517
7.2,1.7,0.478784
7.2,1.8,0.506346
7.2,1.9,0.532886
7.2,2,0.558084
7.2,2.1,0.581626
7.2,2.2,0.603208
7.2,2.3,0.622543
7.2,2.4,0.639368
7.2,2.5,0.653448
7.2,2.6,0.664584
7.2,2.7,0.672617
7.2,2.8,0.67743
7.2,2.9,0.678954
7.2,3,0.677165
7.2,3.1,0.672091
7.2,3.2,0.663805
7.2,3.3,0.652427
7.2,3.4,0.63812
7.2,3.5,0.621086
7.2,3.6,0.601561
7.2,3.7,0.579811
7.2,3.8,0.556125
7.2,3.9,0.530808
7.2,4,0.504174
7.2,4.1,0.476544
7.2,4.2,0.448234
7.2,4.3,0.419551
7.2,4.4,0.390791
7.2,4.5,0.362229
7.2,4.6,0.334118
7.2,4.7,0.306687
7.2,4.8,0.280137
7.2,4.9,0.254639
7.2,5,0.230334
7.3,0,0.0823482
7.3,0.1,0.0947115
7.3,0.2,0.1084
7.3,0.3,0.123463
7.3,0.4,0.139933
7.3,0.5,0.157828
7.3,0.6,0.177144
7.3,0.7,0.197856
7.3,0.8,0.219912
7.3,0.9,0.243236
7.3,1,0.267724
7.3,1.1,0.293241
7.3,1.2,0.319625
7.3,1.3,0.346685
7.3,1.4,0.374205
7.3,1.5,0.401941
7.3,1.6,0.429629
7.3,1.7,0.456988
7.3,1.8,0.48372
7.3,1.9,0.509521
7.3,2,0.534084
7.3,2.1,0.557104
7.3,2.2,0.578284
7.3,2.3,0.597345
7.3,2.4,0.614028
7.3,2.5,0.628102
7.3,2.6,0.639368
7.3,2.7,0.647665
7.3,2.8,0.652873
7.3,2.9,0.654917
7.3,3,0.653767
7.3,3.1,0.649439
7.3,3.2,0.641996
7.3,3.3,0.631547
7.3,3.4,0.618241
7.3,3.5,0.602266
7.3,3.6,0.583846
7.3,3.7,0.563232
7.3,3.8,0.540698
7.3,3.9,0.516537
7.3,4,0.491051
7.3,4.1,0.464549
7.3,4.2,0.437335
7.3,4.3,0.40971
7.3,4.4,0.38196
7.3,4.5,0.354354
7.3,4.6,0.327142
7.3,4.7,0.300548
7.3,4.8,0.274771
7.3,4.9,0.249981
7.3,5,0.226319
7.4,0,0.0772974
7.4,0.1,0.0889805
7.4,0.2,0.10193
7.4,0.3,0.116196
7.4,0.4,0.131813
7.4,0.5,0.1488
7.4,0.6,0.167158
7.4,0.7,0.186867
7.4,0.8,0.207881
7.4,0.9,0.230131
7.4,1,0.253522
7.4,1.1,0.277929
7.4,1.2,0.303202
7.4,1.3,0.329162
7.4,1.4,0.355603
7.4,1.5,0.382296
7.4,1.6,0.40899
7.4,1.7,0.435417
7.4,1.8,0.461293
7.4,1.9,0.486326
7.4,2,0.510219
7.4,2.1,0.532678
7.4,2.2,0.553415
7.4,2.3,0.57216
7.4,2.4,0.588656
7.4,2.5,0.602678
7.4,2.6,0.614028
7.4,2.7,0.622543
7.4,2.8,0.628102
7.4,2.9,0.630622
7.4,3,0.630068
7.4,3.1,0.626447
7.4,3.2,0.619813
7.4,3.3,0.610261
7.4,3.4,0.597929
7.4,3.5,0.582991
7.4,3.6,0.565658
7.4,3.7,0.546166
7.4,3.8,0.524776
7.4,3.9,0.501767
7.4,4,0.47743
7.4,4.1,0.452059
7.4,4.2,0.425952
7.4,4.3,0.399397
7.4,4.4,0.372673
7.4,4.5,0.346042
7.4,4.6,0.31975
7.4,4.7,0.294015
7.4,4.8,0.269035
7.4,4.9,0.244977
7.4,5,0.221984
7.5,0,0.0724289
7.5,0.1,0.0834495
7.5,0.2,0.0956785
7.5,0.3,0.109165
7.5,0.4,0.123946
7.5,0.5,0.140043
7.5,0.6,0.157459
7.5,0.7,0.176178
7.5,0.8,0.196162
7.5,0.9,0.217349
7.5,1,0.239652
7.5,1.1,0.262955
7.5,1.2,0.287118
7.5,1.3,0.311975
7.5,1.4,0.337332
7.5,1.5,0.362972
7.5,1.6,0.388659
7.5,1.7,0.414136
7.5,1.8,0.439133
7.5,1.9,0.463371
7.5,2,0.486563
7.5,2.1,0.508428
7.5,2.2,0.528686
7.5,2.3,0.547073
7.5,2.4,0.563342
7.5,2.5,0.577268
7.5,2.6,0.588656
7.5,2.7,0.597345
7.5,2.8,0.603208
7.5,2.9,0.606162
7.5,3,0.606162
7.5,3.1,0.603208
7.5,3.2,0.597345
7.5,3.3,0.588656
7.5,3.4,0.577268
7.5,3.5,0.563342
7.5,3.6,0.547073
7.5,3.7,0.528686
7.5,3.8,0.508428
7.5,3.9,0.486563
7.5,4,0.46337
7.5,4.1,0.439133
7.5,4.2,0.414136
7.5,4.3,0.388659
7.5,4.4,0.362972
7.5,4.5,0.337332
7.5,4.6,0.311975
7.5,4.7,0.287118
7.5,4.8,0.262955
7.5,4.9,0.239652
7.5,5,0.21735
7.6,0,0.0677479
7.6,0.1,0.0781248
7.6,0.2,0.0896523
7.6,0.3,0.102379
7.6,0.4,0.116344
7.6,0.5,0.131569
7.6,0.6,0.148061
7.6,0.7,0.165809
7.6,0.8,0.184779
7.6,0.9,0.204917
7.6,1,0.226142
7.6,1.1,0.24835
7.6,1.2,0.27141
7.6,1.3,0.295166
7.6,1.4,0.319437
7.6,1.5,0.34402
7.6,1.6,0.36869
7.6,1.7,0.393203
7.6,1.8,0.417304
7.6,1.9,0.440723
7.6,2,0.46319
7.6,2.1,0.484429
7.6,2.2,0.504175
7.6,2.3,0.522168
7.6,2.4,0.538169
7.6,2.5,0.551958
7.6,2.6,0.563342
7.6,2.7,0.57216
7.6,2.8,0.578284
7.6,2.9,0.581626
7.6,3,0.582138
7.6,3.1,0.579811
7.6,3.2,0.57468
7.6,3.3,0.566819
7.6,3.4,0.556342
7.6,3.5,0.543398
7.6,3.6,0.52817
7.6,3.7,0.510867
7.6,3.8,0.491723
7.6,3.9,0.470991
7.6,4,0.448935
7.6,4.1,0.425827
7.6,4.2,0.401941
7.6,4.3,0.377546
7.6,4.4,0.352904
7.6,4.5,0.328263
7.6,4.6,0.303855
7.6,4.7,0.279891
7.6,4.8,0.256561
7.6,4.9,0.23403
7.6,5,0.212438
7.7,0,0.063258
7.7,0.1,0.0730114
7.7,0.2,0.0838581
7.7,0.3,0.0958469
7.7,0.4,0.109016
7.7,0.5,0.12339
7.7,0.6,0.13898
7.7,0.7,0.155776
7.7,0.8,0.173751
7.7,0.9,0.192857
7.7,1,0.21302
7.7,1.1,0.234145
7.7,1.2,0.256111
7.7,1.3,0.278772
7.7,1.4,0.301961
7.7,1.5,0.325485
7.7,1.6,0.349132
7.7,1.7,0.372673
7.7,1.8,0.395863
7.7,1.9,0.418447
7.7,2,0.440164
7.7,2.1,0.460753
7.7,2.2,0.479955
7.7,2.3,0.497521
7.7,2.4,0.513218
7.7,2.5,0.52683
7.7,2.6,0.538169
7.7,2.7,0.547073
7.7,2.8,0.553416
7.7,2.9,0.557104
7.7,3,0.558084
7.7,3.1,0.556342
7.7,3.2,0.551904
7.7,3.3,0.544834
7.7,3.4,0.535233
7.7,3.5,0.52324
7.7,3.6,0.509024
7.7,3.7,0.492781
7.7,3.8,0.474733
7.7,3.9,0.455117
7.7,4,0.434186
7.7,4.1,0.412199
7.7,4.2,0.389419
7.7,4.3,0.366106
7.7,4.4,0.342511
7.7,4.5,0.318876
7.7,4.6,0.295426
7.7,4.7,0.272366
7.7,4.8,0.249883
7.7,4.9,0.228139
7.7,5,0.207273
7.79999,0,0.0589619
7.79999,0.1,0.0681128
7.79999,0.2,0.0783006
7.79999,0.3,0.0895736
7.79999,0.4,0.10197
7.79999,0.5,0.115517
7.79999,0.6,0.130226
7.79999,0.7,0.146093
7.79999,0.8,0.163094
7.79999,0.9,0.181187
7.79999,1,0.200306
7.79999,1.1,0.220364
7.79999,1.2,0.241249
7.79999,1.3,0.262827
7.79999,1.4,0.284939
7.79999,1.5,0.307407
7.79999,1.6,0.330031
7.79999,1.7,0.352594
7.79999,1.8,0.374863
7.79999,1.9,0.396598
7.79999,2,0.417548
7.79999,2.1,0.437464
7.79999,2.2,0.456096
7.79999,2.3,0.473205
7.79999,2.4,0.488564
7.79999,2.5,0.501963
7.79999,2.6,0.513218
7.79999,2.7,0.522168
7.79999,2.8,0.528686
7.79999,2.9,0.532678
7.79999,3,0.534084
7.79999,3.1,0.532886
7.79999,3.2,0.529099
7.79999,3.3,0.522781
7.79999,3.4,0.514021
7.79999,3.5,0.502945
7.79999,3.6,0.48971
7.79999,3.7,0.474501
7.79999,3.8,0.457524
7.79999,3.9,0.439005
7.79999,4,0.419183
7.79999,4.1,0.398306
7.79999,4.2,0.376625
7.79999,4.3,0.354389
7.79999,4.4,0.331841
7.79999,4.5,0.309214
7.79999,4.6,0.286726
7.79999,4.7,0.264578
7.79999,4.8,0.242952
7.79999,4.9,0.222006
7.79999,5,0.201878
7.89999,0,0.0548611
7.89999,0.1,0.0634313
7.89999,0.2,0.0729829
7.89999,0.3,0.0835638
7.89999,0.4,0.0952124
7.89999,0.5,0.107956
7.89999,0.6,0.12181
7.89999,0.7,0.136771
7.89999,0.8,0.152822
7.89999,0.9,0.169924
7.89999,1,0.18802
7.89999,1.1,0.20703
7.89999,1.2,0.22685
7.89999,1.3,0.247358
7.89999,1.4,0.268405
7.89999,1.5,0.289824
7.89999,1.6,0.311427
7.89999,1.7,0.33301
7.89999,1.8,0.354355
7.89999,1.9,0.37523
7.89999,2,0.395399
7.89999,2.1,0.414622
7.89999,2.2,0.432662
7.89999,2.3,0.449286
7.89999,2.4,0.464277
7.89999,2.5,0.47743
7.89999,2.6,0.488564
7.89999,2.7,0.497521
7.89999,2.8,0.504175
7.89999,2.9,0.508428
7.89999,3,0.510219
7.89999,3.1,0.509521
7.89999,3.2,0.506346
7.89999,3.3,0.500739
7.89999,3.4,0.492781
7.89999,3.5,0.482587
7.89999,3.6,0.470302
7.89999,3.7,0.456096
7.89999,3.8,0.440164
7.89999,3.9,0.422719
7.89999,4,0.403988
7.89999,4.1,0.384205
7.89999,4.2,0.363611
7.89999,4.3,0.342445
7.89999,4.4,0.320939
7.89999,4.5,0.299318
7.89999,4.6,0.277794
7.89999,4.7,0.256561
7.89999,4.8,0.235797
7.89999,4.9,0.215658
7.89999,5,0.196278
7.99999,0,0.0509558
7.99999,0.1,0.0589677
7.99999,0.2,0.0679069
7.99999,0.3,0.0778202
7.99999,0.4,0.0887462
7.99999,0.5,0.100713
7.99999,0.6,0.113737
7.99999,0.7,0.127819
7.99999,0.8,0.142945
7.99999,0.9,0.159082
7.99999,1,0.176178
7.99999,1.1,0.194161
7.99999,1.2,0.212937
7.99999,1.3,0.23239
7.99999,1.4,0.252385
7.99999,1.5,0.272766
7.99999,1.6,0.293355
7.99999,1.7,0.313962
7.99999,1.8,0.334379
7.99999,1.9,0.354389
7.99999,2,0.373767
7.99999,2.1,0.392283
7.99999,2.2,0.40971
7.99999,2.3,0.425827
7.99999,2.4,0.440422
7.99999,2.5,0.453298
7.99999,2.6,0.464277
7.99999,2.7,0.473205
7.99999,2.8,0.479955
7.99999,2.9,0.484429
7.99999,3,0.486563
7.99999,3.1,0.486326
7.99999,3.2,0.48372
7.99999,3.3,0.478784
7.99999,3.4,0.47159
7.99999,3.5,0.46224
7.99999,3.6,0.450869
7.99999,3.7,0.437635
7.99999,3.8,0.422719
7.99999,3.9,0.406323
7.99999,4,0.388659
7.99999,4.1,0.369953
7.99999,4.2,0.35043
7.99999,4.3,0.330321
7.99999,4.4,0.309849
7.99999,4.5,0.28923
7.99999,4.6,0.268667
7.99999,4.7,0.24835
7.99999,4.8,0.228452
7.99999,4.9,0.209123
7.99999,5,0.190498
8.09999,0,0.0472453
8.09999,0.1,0.0547219
8.09999,0.2,0.0630729
8.09999,0.3,0.0723441
8.09999,0.4,0.0825739
8.09999,0.5,0.0937909
8.09999,0.6,0.106013
8.09999,0.7,0.119243
8.09999,0.8,0.133472
8.09999,0.9,0.14867
8.09999,1,0.164792
8.09999,1.1,0.181772
8.09999,1.2,0.199525
8.09999,1.3,0.217945
8.09999,1.4,0.236905
8.09999,1.5,0.256261
8.09999,1.6,0.275847
8.09999,1.7,0.295484
8.09999,1.8,0.314976
8.09999,1.9,0.334118
8.09999,2,0.352697
8.09999,2.1,0.370495
8.09999,2.2,0.387295
8.09999,2.3,0.402884
8.09999,2.4,0.417059
8.09999,2.5,0.429629
8.09999,2.6,0.440422
8.09999,2.7,0.449286
8.09999,2.8,0.456096
8.09999,2.9,0.460753
8.09999,3,0.46319
8.09999,3.1,0.463371
8.09999,3.2,0.461293
8.09999,3.3,0.456988
8.09999,3.4,0.450517
8.09999,3.5,0.441974
8.09999,3.6,0.43148
8.09999,3.7,0.419183
8.09999,3.8,0.405252
8.09999,3.9,0.389876
8.09999,4,0.373256
8.09999,4.1,0.355603
8.09999,4.2,0.337134
8.09999,4.3,0.318068
8.09999,4.4,0.298617
8.09999,4.5,0.27899
8.09999,4.6,0.259384
8.09999,4.7,0.23998
8.09999,4.8,0.220946
8.09999,4.9,0.20243
8.09999,5,0.184563
8.2,0,0.0437281
8.2,0.1,0.0506927
8.2,0.2,0.0584801
8.2,0.3,0.0671352
8.2,0.4,0.0766958
8.2,0.5,0.087191
8.2,0.6,0.0986394
8.2,0.7,0.111047
8.2,0.8,0.124407
8.2,0.9,0.138695
8.2,1,0.15387
8.2,1.1,0.169875
8.2,1.2,0.18663
8.2,1.3,0.204038
8.2,1.4,0.221984
8.2,1.5,0.240332
8.2,1.6,0.258928
8.2,1.7,0.277604
8.2,1.8,0.296177
8.2,1.9,0.314453
8.2,2,0.332231
8.2,2.1,0.349303
8.2,2.2,0.365463
8.2,2.3,0.380508
8.2,2.4,0.394242
8.2,2.5,0.406481
8.2,2.6,0.417059
8.2,2.7,0.425827
8.2,2.8,0.432661
8.2,2.9,0.437464
8.2,3,0.440164
8.2,3.1,0.440723
8.2,3.2,0.439133
8.2,3.3,0.435417
8.2,3.4,0.429629
8.2,3.5,0.421853
8.2,3.6,0.412199
8.2,3.7,0.400804
8.2,3.8,0.387825
8.2,3.9,0.373438
8.2,4,0.357833
8.2,4.1,0.341209
8.2,4.2,0.323773
8.2,4.3,0.30573
8.2,4.4,0.287287
8.2,4.5,0.268641
8.2,4.6,0.249981
8.2,4.7,0.231484
8.2,4.8,0.213311
8.2,4.9,0.195608
8.2,5,0.178499
8.3,0,0.0404016
8.3,0.1,0.0468776
8.3,0.2,0.0541265
8.3,0.3,0.0621919
8.3,0.4,0.071111
8.3,0.5,0.0809131
8.3,0.6,0.0916177
8.3,0.7,0.103233
8.3,0.8,0.115754
8.3,0.9,0.129162
8.3,1,0.14342
8.3,1.1,0.158477
8.3,1.2,0.174261
8.3,1.3,0.190684
8.3,1.4,0.207637
8.3,1.5,0.224997
8.3,1.6,0.24262
8.3,1.7,0.260348
8.3,1.8,0.278011
8.3,1.9,0.295426
8.3,2,0.312402
8.3,2.1,0.328744
8.3,2.2,0.344256
8.3,2.3,0.358743
8.3,2.4,0.372018
8.3,2.5,0.383905
8.3,2.6,0.394242
8.3,2.7,0.402884
8.3,2.8,0.40971
8.3,2.9,0.414622
8.3,3,0.417548
8.3,3.1,0.418446
8.3,3.2,0.417304
8.3,3.3,0.414136
8.3,3.4,0.40899
8.3,3.5,0.401941
8.3,3.6,0.393088
8.3,3.7,0.382557
8.3,3.8,0.370495
8.3,3.9,0.357065
8.3,4,0.342445
8.3,4.1,0.326823
8.3,4.2,0.310394
8.3,4.3,0.293355
8.3,4.4,0.275901
8.3,4.5,0.258221
8.3,4.6,0.240496
8.3,4.7,0.222897
8.3,4.8,0.205579
8.3,4.9,0.188683
8.3,5,0.172331
8.4,0,0.0372626
8.4,0.1,0.0432734
8.4,0.2,0.050009
8.4,0.3,0.0575114
8.4,0.4,0.0658171
8.4,0.5,0.0749553
8.4,0.6,0.0849463
8.4,0.7,0.0958001
8.4,0.8,0.107514
8.4,0.9,0.120073
8.4,1,0.133445
8.4,1.1,0.147584
8.4,1.2,0.162426
8.4,1.3,0.17789
8.4,1.4,0.193876
8.4,1.5,0.21027
8.4,1.6,0.226939
8.4,1.7,0.243736
8.4,1.8,0.260501
8.4,1.9,0.277062
8.4,2,0.293241
8.4,2.1,0.308852
8.4,2.2,0.323709
8.4,2.3,0.337628
8.4,2.4,0.35043
8.4,2.5,0.361946
8.4,2.6,0.372018
8.4,2.7,0.380508
8.4,2.8,0.387295
8.4,2.9,0.392282
8.4,3,0.395399
8.4,3.1,0.396598
8.4,3.2,0.395862
8.4,3.3,0.393203
8.4,3.4,0.388659
8.4,3.5,0.382296
8.4,3.6,0.374205
8.4,3.7,0.3645
8.4,3.8,0.353317
8.4,3.9,0.340809
8.4,4,0.327142
8.4,4.1,0.312493
8.4,4.2,0.297046
8.4,4.3,0.280987
8.4,4.4,0.264501
8.4,4.5,0.247769
8.4,4.6,0.230964
8.4,4.7,0.214251
8.4,4.8,0.197779
8.4,4.9,0.181683
8.4,5,0.166084
8.5,0,0.0343071
8.5,0.1,0.0398762
8.5,0.2,0.0461236
8.5,0.3,0.0530897
8.5,0.4,0.0608103
8.5,0.5,0.0693142
8.5,0.6,0.0786224
8.5,0.7,0.0887462
8.5,0.8,0.0996854
8.5,0.9,0.111428
8.5,1,0.123946
8.5,1.1,0.137199
8.5,1.2,0.151129
8.5,1.3,0.165663
8.5,1.4,0.18071
8.5,1.5,0.196162
8.5,1.6,0.211899
8.5,1.7,0.227783
8.5,1.8,0.243665
8.5,1.9,0.259383
8.5,2,0.274771
8.5,2.1,0.289654
8.5,2.2,0.303855
8.5,2.3,0.317199
8.5,2.4,0.329515
8.5,2.5,0.340643
8.5,2.6,0.35043
8.5,2.7,0.358743
8.5,2.8,0.365463
8.5,2.9,0.370495
8.5,3,0.373766
8.5,3.1,0.375229
8.5,3.2,0.374863
8.5,3.3,0.372673
8.5,3.4,0.36869
8.5,3.5,0.362972
8.5,3.6,0.355603
8.5,3.7,0.346685
8.5,3.8,0.336345
8.5,3.9,0.324723
8.5,4,0.311975
8.5,4.1,0.298267
8.5,4.2,0.283773
8.5,4.3,0.268667
8.5,4.4,0.253126
8.5,4.5,0.237322
8.5,4.6,0.221421
8.5,4.7,0.205579
8.5,4.8,0.18994
8.5,4.9,0.174636
8.5,5,0.159783
8.6,0,0.0315306
8.6,0.1,0.0366812
8.6,0.2,0.0424653
8.6,0.3,0.0489219
8.6,0.4,0.0560856
8.6,0.5,0.063985
8.6,0.6,0.0726415
8.6,0.7,0.0820672
8.6,0.8,0.0922642
8.6,0.9,0.103223
8.6,1,0.114921
8.6,1.1,0.127321
8.6,1.2,0.140371
8.6,1.3,0.154006
8.6,1.4,0.168141
8.6,1.5,0.18268
8.6,1.6,0.197508
8.6,1.7,0.2125
8.6,1.8,0.227516
8.6,1.9,0.242406
8.6,2,0.257013
8.6,2.1,0.271172
8.6,2.2,0.284716
8.6,2.3,0.297482
8.6,2.4,0.309305
8.6,2.5,0.320031
8.6,2.6,0.329515
8.6,2.7,0.337628
8.6,2.8,0.344255
8.6,2.9,0.349302
8.6,3,0.352697
8.6,3.1,0.354389
8.6,3.2,0.354354
8.6,3.3,0.352593
8.6,3.4,0.349132
8.6,3.5,0.34402
8.6,3.6,0.337332
8.6,3.7,0.329162
8.6,3.8,0.319625
8.6,3.9,0.308852
8.6,4,0.296988
8.6,4.1,0.284189
8.6,4.2,0.270616
8.6,4.3,0.256436
8.6,4.4,0.241815
8.6,4.5,0.226917
8.6,4.6,0.211899
8.6,4.7,0.196911
8.6,4.8,0.182092
8.6,4.9,0.167567
8.6,5,0.15345
8.7,0,0.0289278
8.7,0.1,0.0336828
8.7,0.2,0.0390284
8.7,0.3,0.045002
8.7,0.4,0.0516371
8.7,0.5,0.0589619
8.7,0.6,0.0669976
8.7,0.7,0.0757575
8.7,0.8,0.0852455
8.7,0.9,0.0954544
8.7,1,0.106365
8.7,1.1,0.117946
8.7,1.2,0.13015
8.7,1.3,0.142917
8.7,1.4,0.156172
8.7,1.5,0.169825
8.7,1.6,0.183771
8.7,1.7,0.197894
8.7,1.8,0.212065
8.7,1.9,0.226142
8.7,2,0.23998
8.7,2.1,0.253423
8.7,2.2,0.266315
8.7,2.3,0.2785
8.7,2.4,0.289823
8.7,2.5,0.300137
8.7,2.6,0.309304
8.7,2.7,0.317198
8.7,2.8,0.323709
8.7,2.9,0.328744
8.7,3,0.33223
8.7,3.1,0.334118
8.7,3.2,0.334379
8.7,3.3,0.33301
8.7,3.4,0.330031
8.7,3.5,0.325485
8.7,3.6,0.319437
8.7,3.7,0.311975
8.7,3.8,0.303202
8.7,3.9,0.29324
8.7,4,0.282224
8.7,4.1,0.270299
8.7,4.2,0.257616
8.7,4.3,0.244332
8.7,4.4,0.230604
8.7,4.5,0.216586
8.7,4.6,0.20243
8.7,4.7,0.188278
8.7,4.8,0.174261
8.7,4.9,0.160502
8.7,5,0.14711
8.8,0,0.0264933
8.8,0.1,0.0308753
8.8,0.2,0.0358067
8.8,0.3,0.0413236
8.8,0.4,0.047458
8.8,0.5,0.0542376
8.8,0.6,0.0616836
8.8,0.7,0.0698102
8.8,0.8,0.0786224
8.8,0.9,0.0881155
8.8,1,0.0982738
8.8,1.1,0.109069
8.8,1.2,0.120461
8.8,1.3,0.132394
8.8,1.4,0.1448
8.8,1.5,0.157597
8.8,1.6,0.170689
8.8,1.7,0.183969
8.8,1.8,0.197315
8.8,1.9,0.210599
8.8,2,0.223682
8.8,2.1,0.23642
8.8,2.2,0.248666
8.8,2.3,0.260272
8.8,2.4,0.271092
8.8,2.5,0.280986
8.8,2.6,0.289823
8.8,2.7,0.297481
8.8,2.8,0.303854
8.8,2.9,0.308852
8.8,3,0.312402
8.8,3.1,0.314453
8.8,3.2,0.314975
8.8,3.3,0.313962
8.8,3.4,0.311427
8.8,3.5,0.307407
8.8,3.6,0.301961
8.8,3.7,0.295166
8.8,3.8,0.287118
8.8,3.9,0.277929
8.8,4,0.267724
8.8,4.1,0.256636
8.8,4.2,0.244809
8.8,4.3,0.23239
8.8,4.4,0.219526
8.8,4.5,0.206363
8.8,4.6,0.193045
8.8,4.7,0.179706
8.8,4.8,0.166474
8.8,4.9,0.153465
8.8,5,0.140783
8.9,0,0.024221
8.9,0.1,0.028252
8.9,0.2,0.0327933
8.9,0.3,0.0378791
8.9,0.4,0.0435405
8.9,0.5,0.0498042
8.9,0.6,0.0566914
8.9,0.7,0.0642167
8.9,0.8,0.0723864
8.9,0.9,0.081198
8.9,1,0.0906384
8.9,1.1,0.100683
8.9,1.2,0.111297
8.9,1.3,0.12243
8.9,1.4,0.13402
8.9,1.5,0.145993
8.9,1.6,0.15826
8.9,1.7,0.170723
8.9,1.8,0.183269
8.9,1.9,0.195779
8.9,2,0.208124
8.9,2.1,0.22017
8.9,2.2,0.231778
8.9,2.3,0.242809
8.9,2.4,0.253126
8.9,2.5,0.262595
8.9,2.6,0.271092
8.9,2.7,0.2785
8.9,2.8,0.284716
8.9,2.9,0.289653
8.9,3,0.29324
8.9,3.1,0.295425
8.9,3.2,0.296177
8.9,3.3,0.295483
8.9,3.4,0.293355
8.9,3.5,0.289823
8.9,3.6,0.284939
8.9,3.7,0.278772
8.9,3.8,0.27141
8.9,3.9,0.262955
8.9,4,0.253522
8.9,4.1,0.243236
8.9,4.2,0.232231
8.9,4.3,0.220644
8.9,4.4,0.208613
8.9,4.5,0.196277
8.9,4.6,0.183771
8.9,4.7,0.171224
8.9,4.8,0.158756
8.9,4.9,0.146479
8.9,5,0.134492
9,0,0.0221047
9,0.1,0.0258062
9,0.2,0.0299807
9,0.3,0.0346608
9,0.4,0.0398762
9,0.5,0.0456528
9,0.6,0.0520117
9,0.7,0.0589676
9,0.8,0.066528
9,0.9,0.074692
9,1,0.0834494
9,1.1,0.0927793
9,1.2,0.10265
9,1.3,0.113017
9,1.4,0.123825
9,1.5,0.135005
9,1.6,0.146478
9,1.7,0.158152
9,1.8,0.169924
9,1.9,0.181683
9,2,0.193309
9,2.1,0.204677
9,2.2,0.215657
9,2.3,0.22612
9,2.4,0.235935
9,2.5,0.244977
9,2.6,0.253126
9,2.7,0.260271
9,2.8,0.266315
9,2.9,0.271171
9,3,0.274771
9,3.1,0.277062
9,3.2,0.27801
9,3.3,0.277603
9,3.4,0.275847
9,3.5,0.272765
9,3.6,0.268404
9,3.7,0.262826
9,3.8,0.25611
9,3.9,0.24835
9,4,0.239651
9,4.1,0.230131
9,4.2,0.219912
9,4.3,0.209123
9,4.4,0.197894
9,4.5,0.186356
9,4.6,0.174636
9,4.7,0.162855
9,4.8,0.151129
9,4.9,0.139565
9,5,0.128257
9.1,0,0.0201379
9.1,0.1,0.0235307
9.1,0.2,0.0273612
9.1,0.3,0.0316601
9.1,0.4,0.0364561
9.1,0.5,0.041774
9.1,0.6,0.0476345
9.1,0.7,0.0540524
9.1,0.8,0.0610363
9.1,0.9,0.0685867
9.1,1,0.0766956
9.1,1.1,0.0853454
9.1,1.2,0.094508
9.1,1.3,0.104144
9.1,1.4,0.114204
9.1,1.5,0.124626
9.1,1.6,0.135335
9.1,1.7,0.14625
9.1,1.8,0.157274
9.1,1.9,0.168305
9.1,2,0.179233
9.1,2.1,0.18994
9.1,2.2,0.200306
9.1,2.3,0.210208
9.1,2.4,0.219525
9.1,2.5,0.228139
9.1,2.6,0.235935
9.1,2.7,0.242809
9.1,2.8,0.248665
9.1,2.9,0.253422
9.1,3,0.257012
9.1,3.1,0.259383
9.1,3.2,0.2605
9.1,3.3,0.260348
9.1,3.4,0.258927
9.1,3.5,0.25626
9.1,3.6,0.252385
9.1,3.7,0.247357
9.1,3.8,0.241248
9.1,3.9,0.234144
9.1,4,0.226142
9.1,4.1,0.217349
9.1,4.2,0.20788
9.1,4.3,0.197856
9.1,4.4,0.187397
9.1,4.5,0.176626
9.1,4.6,0.165663
9.1,4.7,0.154624
9.1,4.8,0.143617
9.1,4.9,0.132743
9.1,5,0.122095
9.2,0,0.0183139
9.2,0.1,0.0214182
9.2,0.2,0.0249266
9.2,0.3,0.0288685
9.2,0.4,0.0332708
9.2,0.5,0.0381576
9.2,0.6,0.0435489
9.2,0.7,0.0494599
9.2,0.8,0.0558995
9.2,0.9,0.0628697
9.2,1,0.0703646
9.2,1.1,0.0783692
9.2,1.2,0.0868592
9.2,1.3,0.0957999
9.2,1.4,0.105146
9.2,1.5,0.114842
9.2,1.6,0.124821
9.2,1.7,0.135005
9.2,1.8,0.14531
9.2,1.9,0.155639
9.2,2,0.165889
9.2,2.1,0.175954
9.2,2.2,0.18572
9.2,2.3,0.195073
9.2,2.4,0.203898
9.2,2.5,0.212085
9.2,2.6,0.219525
9.2,2.7,0.22612
9.2,2.8,0.231778
9.2,2.9,0.236419
9.2,3,0.239979
9.2,3.1,0.242406
9.2,3.2,0.243664
9.2,3.3,0.243735
9.2,3.4,0.242619
9.2,3.5,0.240331
9.2,3.6,0.236905
9.2,3.7,0.23239
9.2,3.8,0.22685
9.2,3.9,0.220363
9.2,4,0.213019
9.2,4.1,0.204917
9.2,4.2,0.196162
9.2,4.3,0.186866
9.2,4.4,0.177144
9.2,4.5,0.167109
9.2,4.6,0.156875
9.2,4.7,0.14655
9.2,4.8,0.136238
9.2,4.9,0.126034
9.2,5,0.116026
9.3,0,0.0166258
9.3,0.1,0.0194611
9.3,0.2,0.0226688
9.3,0.3,0.0262767
9.3,0.4,0.0303104
9.3,0.5,0.034793
9.3,0.6,0.0397439
9.3,0.7,0.0451781
9.3,0.8,0.0511052
9.3,0.9,0.0575281
9.3,1,0.0644428
9.3,1.1,0.0718369
9.3,1.2,0.0796892
9.3,1.3,0.0879692
9.3,1.4,0.0966364
9.3,1.5,0.10564
9.3,1.6,0.11492
9.3,1.7,0.124407
9.3,1.8,0.13402
9.3,1.9,0.143672
9.3,2,0.15327
9.3,2.1,0.162712
9.3,2.2,0.171894
9.3,2.3,0.180709
9.3,2.4,0.189051
9.3,2.5,0.196814
9.3,2.6,0.203898
9.3,2.7,0.210208
9.3,2.8,0.215657
9.3,2.9,0.22017
9.3,3,0.223681
9.3,3.1,0.226142
9.3,3.2,0.227516
9.3,3.3,0.227782
9.3,3.4,0.226938
9.3,3.5,0.224996
9.3,3.6,0.221984
9.3,3.7,0.217944
9.3,3.8,0.212936
9.3,3.9,0.207029
9.3,4,0.200306
9.3,4.1,0.192856
9.3,4.2,0.184779
9.3,4.3,0.176178
9.3,4.4,0.167158
9.3,4.5,0.157828
9.3,4.6,0.148292
9.3,4.7,0.138654
9.3,4.8,0.129011
9.3,4.9,0.119453
9.3,5,0.110065
9.4,0,0.0150668
9.4,0.1,0.0176517
9.4,0.2,0.0205793
9.4,0.3,0.0238757
9.4,0.4,0.027565
9.4,0.5,0.0316694
9.4,0.6,0.0362076
9.4,0.7,0.0411945
9.4,0.8,0.0466399
9.4,0.9,0.0525478
9.4,1,0.0589157
9.4,1.1,0.0657334
9.4,1.2,0.0729827
9.4,1.3,0.0806367
9.4,1.4,0.0886593
9.4,1.5,0.0970052
9.4,1.6,0.10562
9.4,1.7,0.114439
9.4,1.8,0.12339
9.4,1.9,0.132393
9.4,2,0.141362
9.4,2.1,0.150202
9.4,2.2,0.158817
9.4,2.3,0.167109
9.4,2.4,0.174977
9.4,2.5,0.182323
9.4,2.6,0.189051
9.4,2.7,0.195073
9.4,2.8,0.200305
9.4,2.9,0.204676
9.4,3,0.208124
9.4,3.1,0.210598
9.4,3.2,0.212064
9.4,3.3,0.2125
9.4,3.4,0.211898
9.4,3.5,0.21027
9.4,3.6,0.207637
9.4,3.7,0.204038
9.4,3.8,0.199524
9.4,3.9,0.19416
9.4,4,0.18802
9.4,4.1,0.181186
9.4,4.2,0.173751
9.4,4.3,0.165808
9.4,4.4,0.157458
9.4,4.5,0.1488
9.4,4.6,0.139933
9.4,4.7,0.130953
9.4,4.8,0.121952
9.4,4.9,0.113017
9.4,5,0.104226
9.5,0,0.01363
9.5,0.1,0.0159825
9.5,0.2,0.0186496
9.5,0.3,0.0216559
9.5,0.4,0.0250242
9.5,0.5,0.0287755
9.5,0.6,0.032928
9.5,0.7,0.0374962
9.5,0.8,0.04249
9.5,0.9,0.0479144
9.5,1,0.053768
9.5,1.1,0.0600428
9.5,1.2,0.0667231
9.5,1.3,0.0737855
9.5,1.4,0.0811978
9.5,1.5,0.0889195
9.5,1.6,0.096901
9.5,1.7,0.105084
9.5,1.8,0.113404
9.5,1.9,0.121785
9.5,2,0.130149
9.5,2.1,0.13841
9.5,2.2,0.146478
9.5,2.3,0.154261
9.5,2.4,0.161666
9.5,2.5,0.168601
9.5,2.6,0.174977
9.5,2.7,0.180709
9.5,2.8,0.18572
9.5,2.9,0.189939
9.5,3,0.193309
9.5,3.1,0.195779
9.5,3.2,0.197315
9.5,3.3,0.197894
9.5,3.4,0.197508
9.5,3.5,0.196162
9.5,3.6,0.193876
9.5,3.7,0.190683
9.5,3.8,0.186629
9.5,3.9,0.181771
9.5,4,0.176178
9.5,4.1,0.169924
9.5,4.2,0.163094
9.5,4.3,0.155775
9.5,4.4,0.148061
9.5,4.5,0.140042
9.5,4.6,0.131813
9.5,4.7,0.123462
9.5,4.8,0.115078
9.5,4.9,0.10674
9.5,5,0.0985237
9.6,0,0.0123086
9.6,0.1,0.0144456
9.6,0.2,0.0168712
9.6,0.3,0.019608
9.6,0.4,0.0226777
9.6,0.5,0.0261002
9.6,0.6,0.0298929
9.6,0.7,0.0340699
9.6,0.8,0.0386414
9.6,0.9,0.0436128
9.6,1,0.0489839
9.6,1.1,0.0547484
9.6,1.2,0.0608933
9.6,1.3,0.0673978
9.6,1.4,0.0742337
9.6,1.5,0.0813645
9.6,1.6,0.0887459
9.6,1.7,0.0963253
9.6,1.8,0.104043
9.6,1.9,0.111831
9.6,2,0.119616
9.6,2.1,0.12732
9.6,2.2,0.13486
9.6,2.3,0.142151
9.6,2.4,0.149105
9.6,2.5,0.155638
9.6,2.6,0.161666
9.6,2.7,0.167109
9.6,2.8,0.171894
9.6,2.9,0.175954
9.6,3,0.179232
9.6,3.1,0.181682
9.6,3.2,0.183269
9.6,3.3,0.183968
9.6,3.4,0.183771
9.6,3.5,0.182679
9.6,3.6,0.180709
9.6,3.7,0.177889
9.6,3.8,0.174261
9.6,3.9,0.169874
9.6,4,0.164791
9.6,4.1,0.159081
9.6,4.2,0.152821
9.6,4.3,0.146092
9.6,4.4,0.138979
9.6,4.5,0.131568
9.6,4.6,0.123946
9.6,4.7,0.116196
9.6,4.8,0.1084
9.6,4.9,0.100634
9.6,5,0.0929698
9.7,0,0.0110957
9.7,0.1,0.0130336
9.7,0.2,0.0152355
9.7,0.3,0.0177225
9.7,0.4,0.0205151
9.7,0.5,0.023632
9.7,0.6,0.0270898
9.7,0.7,0.0309023
9.7,0.8,0.0350796
9.7,0.9,0.0396276
9.7,1,0.044547
9.7,1.1,0.0498333
9.7,1.2,0.0554752
9.7,1.3,0.0614549
9.7,1.4,0.0677476
9.7,1.5,0.0743207
9.7,1.6,0.0811343
9.7,1.7,0.0881411
9.7,1.8,0.0952865
9.7,1.9,0.102509
9.7,2,0.109742
9.7,2.1,0.116913
9.7,2.2,0.123946
9.7,2.3,0.130761
9.7,2.4,0.137279
9.7,2.5,0.14342
9.7,2.6,0.149105
9.7,2.7,0.154261
9.7,2.8,0.158817
9.7,2.9,0.162712
9.7,3,0.165889
9.7,3.1,0.168305
9.7,3.2,0.169924
9.7,3.3,0.170722
9.7,3.4,0.170689
9.7,3.5,0.169824
9.7,3.6,0.168141
9.7,3.7,0.165663
9.7,3.8,0.162426
9.7,3.9,0.158476
9.7,4,0.15387
9.7,4.1,0.148669
9.7,4.2,0.142944
9.7,4.3,0.136771
9.7,4.4,0.130226
9.7,4.5,0.12339
9.7,4.6,0.116344
9.7,4.7,0.109165
9.7,4.8,0.10193
9.7,4.9,0.0947113
9.7,5,0.0875749
9.8,0,0.00998479
9.8,0.1,0.011739
9.8,0.2,0.0137342
9.8,0.3,0.0159902
9.8,0.4,0.0185261
9.8,0.5,0.0213596
9.8,0.6,0.0245065
9.8,0.7,0.02798
9.8,0.8,0.0317902
9.8,0.9,0.0359433
9.8,1,0.0404409
9.8,1.1,0.0452797
9.8,1.2,0.0504504
9.8,1.3,0.0559377
9.8,1.4,0.0617196
9.8,1.5,0.0677674
9.8,1.6,0.0740453
9.8,1.7,0.0805106
9.8,1.8,0.087114
9.8,1.9,0.0937997
9.8,2,0.100506
9.8,2.1,0.107168
9.8,2.2,0.113714
9.8,2.3,0.120073
9.8,2.4,0.126169
9.8,2.5,0.131928
9.8,2.6,0.137279
9.8,2.7,0.142151
9.8,2.8,0.146478
9.8,2.9,0.150202
9.8,3,0.15327
9.8,3.1,0.155638
9.8,3.2,0.157274
9.8,3.3,0.158152
9.8,3.4,0.15826
9.8,3.5,0.157596
9.8,3.6,0.156171
9.8,3.7,0.154005
9.8,3.8,0.151129
9.8,3.9,0.147584
9.8,4,0.14342
9.8,4.1,0.138694
9.8,4.2,0.133471
9.8,4.3,0.127819
9.8,4.4,0.121809
9.8,4.5,0.115517
9.8,4.6,0.109016
9.8,4.7,0.102379
9.8,4.8,0.0956783
9.8,4.9,0.0889804
9.8,5,0.0823481
9.9,0,0.00896932
9.9,0.1,0.0105544
9.9,0.2,0.0123591
9.9,0.3,0.0144019
9.9,0.4,0.0167006
9.9,0.5,0.0192718
9.9,0.6,0.0221306
9.9,0.7,0.0252895
9.9,0.8,0.0287586
9.9,0.9,0.0325443
9.9,1,0.0366488
9.9,1.1,0.0410699
9.9,1.2,0.0458001
9.9,1.3,0.0508263
9.9,1.4,0.0561292
9.9,1.5,0.0616834
9.9,1.6,0.067457
9.9,1.7,0.0734115
9.9,1.8,0.0795025
9.9,1.9,0.0856793
9.9,2,0.0918861
9.9,2.1,0.0980625
9.9,2.2,0.104144
9.9,2.3,0.110064
9.9,2.4,0.115754
9.9,2.5,0.121145
9.9,2.6,0.126169
9.9,2.7,0.130761
9.9,2.8,0.13486
9.9,2.9,0.13841
9.9,3,0.141361
9.9,3.1,0.143672
9.9,3.2,0.145309
9.9,3.3,0.146249
9.9,3.4,0.146478
9.9,3.5,0.145992
9.9,3.6,0.144799
9.9,3.7,0.142916
9.9,3.8,0.140371
9.9,3.9,0.137199
9.9,4,0.133445
9.9,4.1,0.129162
9.9,4.2,0.124407
9.9,4.3,0.119243
9.9,4.4,0.113737
9.9,4.5,0.107956
9.9,4.6,0.10197
9.9,4.7,0.0958466
9.9,4.8,0.0896521
9.9,4.9,0.0834493
9.9,5,0.0772973
