0,0,0.0421073
0,0.1,0.0407622
0,0.2,0.0393916
0,0.3,0.0380011
0,0.4,0.0365961
0,0.5,0.0351819
0,0.6,0.0337637
0,0.7,0.0323465
0,0.8,0.030935
0,0.9,0.0295337
0,1,0.028147
0,1.1,0.0267789
0,1.2,0.0254331
0,1.3,0.0241131
0,1.4,0.0228219
0,1.5,0.0215624
0,1.6,0.020337
0,1.7,0.019148
0,1.8,0.0179973
0,1.9,0.0168863
0,2,0.0158165
0,2.1,0.0147887
0,2.2,0.0138038
0,2.3,0.0128621
0,2.4,0.0119638
0,2.5,0.011109
0,2.6,0.0102974
0,2.7,0.00952846
0,2.8,0.00880168
0,2.9,0.00811624
0,3,0.00747119
0,3.1,0.00686548
0,3.2,0.00629793
0,3.3,0.00576728
0,3.4,0.00527218
0,3.5,0.00481122
0,3.6,0.00438295
0,3.7,0.00398587
0,3.8,0.00361848
0,3.9,0.00327926
0,4,0.00296668
0,4.1,0.00267924
0,4.2,0.00241546
0,4.3,0.00217386
0,4.4,0.00195304
0,4.5,0.00175161
0,4.6,0.00156823
0,4.7,0.00140161
0,4.8,0.00125052
0,4.9,0.00111378
0,5,0.000990271
0.1,0,0.0473573
0.1,0.1,0.0459018
0.1,0.2,0.0444139
0.1,0.3,0.0428997
0.1,0.4,0.0413653
0.1,0.5,0.0398165
0.1,0.6,0.0382593
0.1,0.7,0.0366992
0.1,0.8,0.0351416
0.1,0.9,0.0335918
0.1,1,0.0320546
0.1,1.1,0.0305348
0.1,1.2,0.0290365
0.1,1.3,0.0275638
0.1,1.4,0.0261205
0.1,1.5,0.0247098
0.1,1.6,0.0233347
0.1,1.7,0.0219979
0.1,1.8,0.0207018
0.1,1.9,0.0194482
0.1,2,0.0182388
0.1,2.1,0.017075
0.1,2.2,0.0159577
0.1,2.3,0.0148877
0.1,2.4,0.0138653
0.1,2.5,0.0128907
0.1,2.6,0.0119638
0.1,2.7,0.0110843
0.1,2.8,0.0102517
0.1,2.9,0.00946515
0.1,3,0.00872379
0.1,3.1,0.00802655
0.1,3.2,0.00737223
0.1,3.3,0.00675951
0.1,3.4,0.00618696
0.1,3.5,0.00565308
0.1,3.6,0.00515631
0.1,3.7,0.00469504
0.1,3.8,0.00426761
0.1,3.9,0.00387237
0.1,4,0.00350764
0.1,4.1,0.00317175
0.1,4.2,0.00286305
0.1,4.3,0.00257991
0.1,4.4,0.00232075
0.1,4.5,0.00208399
0.1,4.6,0.00186814
0.1,4.7,0.00167174
0.1,4.8,0.0014934
0.1,4.9,0.00133177
0.1,5,0.00118557
0.2,0,0.0531288
0.2,0.1,0.0515604
0.2,0.2,0.0499515
0.2,0.3,0.0483089
0.2,0.4,0.0466392
0.2,0.5,0.0449492
0.2,0.6,0.0432452
0.2,0.7,0.0415337
0.2,0.8,0.0398207
0.2,0.9,0.0381121
0.2,1,0.0364136
0.2,1.1,0.0347304
0.2,1.2,0.0330676
0.2,1.3,0.0314297
0.2,1.4,0.0298212
0.2,1.5,0.0282459
0.2,1.6,0.0267074
0.2,1.7,0.0252089
0.2,1.8,0.0237533
0.2,1.9,0.0223428
0.2,2,0.0209797
0.2,2.1,0.0196655
0.2,2.2,0.0184017
0.2,2.3,0.0171892
0.2,2.4,0.0160288
0.2,2.5,0.0149208
0.2,2.6,0.0138653
0.2,2.7,0.0128621
0.2,2.8,0.0119108
0.2,2.9,0.0110107
0.2,3,0.010161
0.2,3.1,0.00936056
0.2,3.2,0.00860825
0.2,3.3,0.00790266
0.2,3.4,0.00724233
0.2,3.5,0.00662566
0.2,3.6,0.00605098
0.2,3.7,0.00551657
0.2,3.8,0.00502063
0.2,3.9,0.00456134
0.2,4,0.00413689
0.2,4.1,0.00374542
0.2,4.2,0.00338512
0.2,4.3,0.00305416
0.2,4.4,0.00275079
0.2,4.5,0.00247325
0.2,4.6,0.00221986
0.2,4.7,0.00198897
0.2,4.8,0.00177901
0.2,4.9,0.00158845
0.2,5,0.00141584
0.3,0,0.0594551
0.3,0.1,0.0577721
0.3,0.2,0.0560393
0.3,0.3,0.0542643
0.3,0.4,0.0524543
0.3,0.5,0.0506168
0.3,0.6,0.0487589
0.3,0.7,0.0468877
0.3,0.8,0.0450101
0.3,0.9,0.0431328
0.3,1,0.041262
0.3,1.1,0.039404
0.3,1.2,0.0375643
0.3,1.3,0.0357484
0.3,1.4,0.0339613
0.3,1.5,0.0322075
0.3,1.6,0.0304913
0.3,1.7,0.0288165
0.3,1.8,0.0271865
0.3,1.9,0.0256042
0.3,2,0.0240721
0.3,2.1,0.0225925
0.3,2.2,0.021167
0.3,2.3,0.0197971
0.3,2.4,0.0184837
0.3,2.5,0.0172275
0.3,2.6,0.0160288
0.3,2.7,0.0148877
0.3,2.8,0.0138038
0.3,2.9,0.0127766
0.3,3,0.0118054
0.3,3.1,0.010889
0.3,3.2,0.0100264
0.3,3.3,0.00921609
0.3,3.4,0.00845657
0.3,3.5,0.00774619
0.3,3.6,0.00708317
0.3,3.7,0.00646567
0.3,3.8,0.00589176
0.3,3.9,0.00535948
0.3,4,0.00486684
0.3,4.1,0.00441181
0.3,4.2,0.00399239
0.3,4.3,0.00360657
0.3,4.4,0.00325239
0.3,4.5,0.0029279
0.3,4.6,0.00263121
0.3,4.7,0.00236049
0.3,4.8,0.00211395
0.3,4.9,0.00188987
0.3,5,0.00168661
0.4,0,0.0663684
0.4,0.1,0.0645704
0.4,0.2,0.0627121
0.4,0.3,0.0608016
0.4,0.4,0.0588471
0.4,0.5,0.0568566
0.4,0.6,0.0548382
0.4,0.7,0.0527997
0.4,0.8,0.0507488
0.4,0.9,0.0486929
0.4,1,0.0466393
0.4,1.1,0.0445948
0.4,1.2,0.0425659
0.4,1.3,0.0405589
0.4,1.4,0.0385795
0.4,1.5,0.036633
0.4,1.6,0.0347244
0.4,1.7,0.0328581
0.4,1.8,0.0310382
0.4,1.9,0.0292683
0.4,2,0.0275514
0.4,2.1,0.0258902
0.4,2.2,0.024287
0.4,2.3,0.0227436
0.4,2.4,0.0212613
0.4,2.5,0.0198411
0.4,2.6,0.0184837
0.4,2.7,0.0171892
0.4,2.8,0.0159577
0.4,2.9,0.0147887
0.4,3,0.0136816
0.4,3.1,0.0126354
0.4,3.2,0.011649
0.4,3.3,0.010721
0.4,3.4,0.00984973
0.4,3.5,0.0090336
0.4,3.6,0.00827072
0.4,3.7,0.00755913
0.4,3.8,0.00689678
0.4,3.9,0.00628156
0.4,4,0.00571129
0.4,4.1,0.00518378
0.4,4.2,0.00469683
0.4,4.3,0.00424825
0.4,4.4,0.00383584
0.4,4.5,0.00345746
0.4,4.6,0.003111
0.4,4.7,0.0027944
0.4,4.8,0.00250567
0.4,4.9,0.00224287
0.4,5,0.00200416
0.5,0,0.0739006
0.5,0.1,0.0719884
0.5,0.2,0.0700041
0.5,0.3,0.0679564
0.5,0.4,0.0658542
0.5,0.5,0.0637063
0.5,0.6,0.0615215
0.5,0.7,0.0593086
0.5,0.8,0.0570762
0.5,0.9,0.0548325
0.5,1,0.0525856
0.5,1.1,0.0503433
0.5,1.2,0.0481131
0.5,1.3,0.0459018
0.5,1.4,0.0437163
0.5,1.5,0.0415625
0.5,1.6,0.0394464
0.5,1.7,0.037373
0.5,1.8,0.0353472
0.5,1.9,0.0333733
0.5,2,0.0314549
0.5,2.1,0.0295953
0.5,2.2,0.0277974
0.5,2.3,0.0260634
0.5,2.4,0.0243952
0.5,2.5,0.0227942
0.5,2.6,0.0212613
0.5,2.7,0.0197971
0.5,2.8,0.0184017
0.5,2.9,0.017075
0.5,3,0.0158165
0.5,3.1,0.0146253
0.5,3.2,0.0135004
0.5,3.3,0.0124404
0.5,3.4,0.0114437
0.5,3.5,0.0105087
0.5,3.6,0.00963326
0.5,3.7,0.00881545
0.5,3.8,0.00805308
0.5,3.9,0.00734388
0.5,4,0.00668552
0.5,4.1,0.00607562
0.5,4.2,0.00551178
0.5,4.3,0.0049916
0.5,4.4,0.00451267
0.5,4.5,0.00407261
0.5,4.6,0.00366909
0.5,4.7,0.00329982
0.5,4.8,0.00296257
0.5,4.9,0.00265517
0.5,5,0.00237554
0.6,0,0.0820821
0.6,0.1,0.0800583
0.6,0.2,0.0779489
0.6,0.3,0.0757635
0.6,0.4,0.0735115
0.6,0.5,0.0712028
0.6,0.6,0.068847
0.6,0.7,0.0664537
0.6,0.8,0.0640323
0.6,0.9,0.061592
0.6,1,0.0591421
0.6,1.1,0.056691
0.6,1.2,0.0542473
0.6,1.3,0.0518189
0.6,1.4,0.0494133
0.6,1.5,0.0470377
0.6,1.6,0.0446986
0.6,1.7,0.0424022
0.6,1.8,0.0401539
0.6,1.9,0.0379589
0.6,2,0.0358217
0.6,2.1,0.0337461
0.6,2.2,0.0317357
0.6,2.3,0.0297933
0.6,2.4,0.0279212
0.6,2.5,0.0261214
0.6,2.6,0.0243952
0.6,2.7,0.0227436
0.6,2.8,0.021167
0.6,2.9,0.0196655
0.6,3,0.0182389
0.6,3.1,0.0168863
0.6,3.2,0.015607
0.6,3.3,0.0143996
0.6,3.4,0.0132625
0.6,3.5,0.0121941
0.6,3.6,0.0111922
0.6,3.7,0.0102549
0.6,3.8,0.00937977
0.6,3.9,0.00856443
0.6,4,0.0078064
0.6,4.1,0.00710312
0.6,4.2,0.00645199
0.6,4.3,0.00585038
0.6,4.4,0.00529567
0.6,4.5,0.00478523
0.6,4.6,0.0043165
0.6,4.7,0.00388692
0.6,4.8,0.00349403
0.6,4.9,0.0031354
0.6,5,0.0028087
0.7,0,0.0909418
0.7,0.1,0.0888105
0.7,0.2,0.0865787
0.7,0.3,0.0842565
0.7,0.4,0.0818544
0.7,0.5,0.0793829
0.7,0.6,0.0768524
0.7,0.7,0.0742735
0.7,0.8,0.0716567
0.7,0.9,0.0690122
0.7,1,0.0663499
0.7,1.1,0.0636797
0.7,1.2,0.061011
0.7,1.3,0.0583526
0.7,1.4,0.0557134
0.7,1.5,0.0531012
0.7,1.6,0.0505237
0.7,1.7,0.0479879
0.7,1.8,0.0455003
0.7,1.9,0.0430669
0.7,2,0.0406929
0.7,2.1,0.038383
0.7,2.2,0.0361415
0.7,2.3,0.0339719
0.7,2.4,0.0318771
0.7,2.5,0.0298596
0.7,2.6,0.0279212
0.7,2.7,0.0260634
0.7,2.8,0.024287
0.7,2.9,0.0225925
0.7,3,0.0209797
0.7,3.1,0.0194482
0.7,3.2,0.0179973
0.7,3.3,0.0166257
0.7,3.4,0.015332
0.7,3.5,0.0141145
0.7,3.6,0.0129711
0.7,3.7,0.0118996
0.7,3.8,0.0108977
0.7,3.9,0.00996289
0.7,4,0.00909244
0.7,4.1,0.00828365
0.7,4.2,0.00753371
0.7,4.3,0.00683978
0.7,4.4,0.006199
0.7,4.5,0.00560851
0.7,4.6,0.00506546
0.7,4.7,0.00456705
0.7,4.8,0.00411054
0.7,4.9,0.00369325
0.7,5,0.00331256
0.8,0,0.100506
0.8,0.1,0.0982736
0.8,0.2,0.0959238
0.8,0.3,0.0934678
0.8,0.4,0.0909166
0.8,0.5,0.0882817
0.8,0.6,0.0855745
0.8,0.7,0.0828064
0.8,0.8,0.0799889
0.8,0.9,0.0771332
0.8,1,0.0742504
0.8,1.1,0.0713514
0.8,1.2,0.0684466
0.8,1.3,0.0655462
0.8,1.4,0.0626598
0.8,1.5,0.0597967
0.8,1.6,0.0569653
0.8,1.7,0.0541739
0.8,1.8,0.0514299
0.8,1.9,0.0487403
0.8,2,0.0461111
0.8,2.1,0.0435481
0.8,2.2,0.0410562
0.8,2.3,0.0386398
0.8,2.4,0.0363025
0.8,2.5,0.0340475
0.8,2.6,0.0318771
0.8,2.7,0.0297933
0.8,2.8,0.0277974
0.8,2.9,0.0258903
0.8,3,0.0240721
0.8,3.1,0.0223428
0.8,3.2,0.0207018
0.8,3.3,0.019148
0.8,3.4,0.0176802
0.8,3.5,0.0162965
0.8,3.6,0.0149951
0.8,3.7,0.0137736
0.8,3.8,0.0126298
0.8,3.9,0.0115608
0.8,4,0.0105639
0.8,4.1,0.00963627
0.8,4.2,0.00877484
0.8,4.3,0.00797656
0.8,4.4,0.00723832
0.8,4.5,0.00655701
0.8,4.6,0.00592953
0.8,4.7,0.00535279
0.8,4.8,0.00482377
0.8,4.9,0.00433949
0.8,5,0.00389706
0.9,0,0.110799
0.9,0.1,0.108473
0.9,0.2,0.106012
0.9,0.3,0.103427
0.9,0.4,0.10073
0.9,0.5,0.097933
0.9,0.6,0.0950485
0.9,0.7,0.092089
0.9,0.8,0.0890669
0.9,0.9,0.0859945
0.9,1,0.0828841
0.9,1.1,0.0797476
0.9,1.2,0.0765967
0.9,1.3,0.0734427
0.9,1.4,0.0702964
0.9,1.5,0.0671682
0.9,1.6,0.0640679
0.9,1.7,0.0610046
0.9,1.8,0.0579871
0.9,1.9,0.0550232
0.9,2,0.0521203
0.9,2.1,0.0492848
0.9,2.2,0.0465228
0.9,2.3,0.0438394
0.9,2.4,0.0412391
0.9,2.5,0.0387258
0.9,2.6,0.0363025
0.9,2.7,0.0339719
0.9,2.8,0.0317357
0.9,2.9,0.0295953
0.9,3,0.0275514
0.9,3.1,0.0256042
0.9,3.2,0.0237533
0.9,3.3,0.021998
0.9,3.4,0.020337
0.9,3.5,0.0187689
0.9,3.6,0.0172916
0.9,3.7,0.015903
0.9,3.8,0.0146005
0.9,3.9,0.0133814
0.9,4,0.0122429
0.9,4.1,0.0111818
0.9,4.2,0.0101949
0.9,4.3,0.00927903
0.9,4.4,0.00843078
0.9,4.5,0.00764678
0.9,4.6,0.00692366
0.9,4.7,0.00625805
0.9,4.8,0.00564661
0.9,4.9,0.00508608
0.9,5,0.00457325
1,0,0.121841
1,0.1,0.119433
1,0.2,0.116869
1,0.3,0.114162
1,0.4,0.111324
1,0.5,0.108368
1,0.6,0.105308
1,0.7,0.102156
1,0.8,0.0989275
1,0.9,0.0956344
1,1,0.0922906
1,1.1,0.0889093
1,1.2,0.0855032
1,1.3,0.082085
1,1.4,0.0786667
1,1.5,0.0752601
1,1.6,0.071876
1,1.7,0.0685251
1,1.8,0.065217
1,1.9,0.061961
1,2,0.0587654
1,2.1,0.055638
1,2.2,0.0525856
1,2.3,0.0496145
1,2.4,0.04673
1,2.5,0.0439369
1,2.6,0.0412391
1,2.7,0.0386398
1,2.8,0.0361415
1,2.9,0.0337462
1,3,0.0314549
1,3.1,0.0292683
1,3.2,0.0271865
1,3.3,0.025209
1,3.4,0.0233347
1,3.5,0.0215624
1,3.6,0.0198901
1,3.7,0.0183157
1,3.8,0.0168366
1,3.9,0.0154501
1,4,0.0141532
1,4.1,0.0129427
1,4.2,0.0118152
1,4.3,0.0107672
1,4.4,0.00979516
1,4.5,0.0088954
1,4.6,0.00806428
1,4.7,0.00729813
1,4.8,0.00659331
1,4.9,0.00594623
1,5,0.00535335
1.1,0,0.13365
1.1,0.1,0.131172
1.1,0.2,0.128516
1.1,0.3,0.125696
1.1,0.4,0.122725
1.1,0.5,0.119616
1.1,0.6,0.116383
1.1,0.7,0.113042
1.1,0.8,0.109606
1.1,0.9,0.10609
1.1,1,0.102508
1.1,1.1,0.098876
1.1,1.2,0.0952071
1.1,1.3,0.0915153
1.1,1.4,0.087814
1.1,1.5,0.0841163
1.1,1.6,0.0804345
1.1,1.7,0.0767805
1.1,1.8,0.0731653
1.1,1.9,0.0695994
1.1,2,0.0660924
1.1,2.1,0.0626533
1.1,2.2,0.0592902
1.1,2.3,0.0560102
1.1,2.4,0.0528199
1.1,2.5,0.0497249
1.1,2.6,0.0467301
1.1,2.7,0.0438394
1.1,2.8,0.0410563
1.1,2.9,0.0383831
1.1,3,0.0358217
1.1,3.1,0.0333733
1.1,3.2,0.0310383
1.1,3.3,0.0288166
1.1,3.4,0.0267075
1.1,3.5,0.0247098
1.1,3.6,0.0228219
1.1,3.7,0.0210417
1.1,3.8,0.0193667
1.1,3.9,0.0177941
1.1,4,0.0163209
1.1,4.1,0.0149436
1.1,4.2,0.0136589
1.1,4.3,0.0124629
1.1,4.4,0.0113519
1.1,4.5,0.0103221
1.1,4.6,0.00936936
1.1,4.7,0.00848983
1.1,4.8,0.00767952
1.1,4.9,0.0069345
1.1,5,0.00625089
1.2,0,0.146236
1.2,0.1,0.143704
1.2,0.2,0.140971
1.2,0.3,0.13805
1.2,0.4,0.134955
1.2,0.5,0.131701
1.2,0.6,0.128302
1.2,0.7,0.124774
1.2,0.8,0.121133
1.2,0.9,0.117394
1.2,1,0.113573
1.2,1.1,0.109685
1.2,1.2,0.105748
1.2,1.3,0.101774
1.2,1.4,0.0977801
1.2,1.5,0.0937798
1.2,1.6,0.0897873
1.2,1.7,0.0858155
1.2,1.8,0.0818772
1.2,1.9,0.0779841
1.2,2,0.0741473
1.2,2.1,0.070377
1.2,2.2,0.0666825
1.2,2.3,0.0630724
1.2,2.4,0.0595543
1.2,2.5,0.0561348
1.2,2.6,0.0528199
1.2,2.7,0.0496145
1.2,2.8,0.0465228
1.2,2.9,0.0435482
1.2,3,0.0406929
1.2,3.1,0.037959
1.2,3.2,0.0353473
1.2,3.3,0.0328582
1.2,3.4,0.0304914
1.2,3.5,0.028246
1.2,3.6,0.0261205
1.2,3.7,0.0241131
1.2,3.8,0.0222214
1.2,3.9,0.0204425
1.2,4,0.0187735
1.2,4.1,0.0172108
1.2,4.2,0.0157508
1.2,4.3,0.0143896
1.2,4.4,0.0131233
1.2,4.5,0.0119477
1.2,4.6,0.0108585
1.2,4.7,0.00985145
1.2,4.8,0.00892232
1.2,4.9,0.00806681
1.2,5,0.00728067
1.3,0,0.159608
1.3,0.1,0.157041
1.3,0.2,0.154247
1.3,0.3,0.15124
1.3,0.4,0.148034
1.3,0.5,0.144645
1.3,0.6,0.141089
1.3,0.7,0.137381
1.3,0.8,0.133538
1.3,0.9,0.129578
1.3,1,0.125517
1.3,1.1,0.121373
1.3,1.2,0.117162
1.3,1.3,0.1129
1.3,1.4,0.108605
1.3,1.5,0.104293
1.3,1.6,0.0999773
1.3,1.7,0.0956743
1.3,1.8,0.0913977
1.3,1.9,0.0871609
1.3,2,0.0829762
1.3,2.1,0.0788555
1.3,2.2,0.0748094
1.3,2.3,0.0708478
1.3,2.4,0.0669796
1.3,2.5,0.0632127
1.3,2.6,0.0595543
1.3,2.7,0.0560102
1.3,2.8,0.0525857
1.3,2.9,0.0492849
1.3,3,0.0461111
1.3,3.1,0.043067
1.3,3.2,0.040154
1.3,3.3,0.0373731
1.3,3.4,0.0347244
1.3,3.5,0.0322076
1.3,3.6,0.0298213
1.3,3.7,0.0275639
1.3,3.8,0.0254332
1.3,3.9,0.0234265
1.3,4,0.0215407
1.3,4.1,0.0197724
1.3,4.2,0.0181177
1.3,4.3,0.0165727
1.3,4.4,0.0151332
1.3,4.5,0.0137947
1.3,4.6,0.0125528
1.3,4.7,0.0114029
1.3,4.8,0.0103404
1.3,4.9,0.00936059
1.3,5,0.00845894
1.4,0,0.173768
1.4,0.1,0.171187
1.4,0.2,0.168352
1.4,0.3,0.165276
1.4,0.4,0.161975
1.4,0.5,0.158465
1.4,0.6,0.154762
1.4,0.7,0.150883
1.4,0.8,0.146846
1.4,0.9,0.14267
1.4,1,0.138372
1.4,1.1,0.13397
1.4,1.2,0.129484
1.4,1.3,0.12493
1.4,1.4,0.120328
1.4,1.5,0.115694
1.4,1.6,0.111046
1.4,1.7,0.106399
1.4,1.8,0.101771
1.4,1.9,0.0971742
1.4,2,0.0926245
1.4,2.1,0.0881347
1.4,2.2,0.0837171
1.4,2.3,0.0793829
1.4,2.4,0.0751426
1.4,2.5,0.0710054
1.4,2.6,0.0669796
1.4,2.7,0.0630724
1.4,2.8,0.0592902
1.4,2.9,0.055638
1.4,3,0.0521203
1.4,3.1,0.0487403
1.4,3.2,0.0455004
1.4,3.3,0.0424022
1.4,3.4,0.0394464
1.4,3.5,0.036633
1.4,3.6,0.0339613
1.4,3.7,0.0314298
1.4,3.8,0.0290365
1.4,3.9,0.026779
1.4,4,0.0246541
1.4,4.1,0.0226585
1.4,4.2,0.0207883
1.4,4.3,0.0190393
1.4,4.4,0.0174073
1.4,4.5,0.0158875
1.4,4.6,0.0144753
1.4,4.7,0.0131657
1.4,4.8,0.0119539
1.4,4.9,0.0108347
1.4,5,0.00980334
1.5,0,0.188712
1.5,0.1,0.186141
1.5,0.2,0.183287
1.5,0.3,0.180164
1.5,0.4,0.176787
1.5,0.5,0.173172
1.5,0.6,0.169336
1.5,0.7,0.165299
1.5,0.8,0.161078
1.5,0.9,0.156692
1.5,1,0.152162
1.5,1.1,0.147506
1.5,1.2,0.142744
1.5,1.3,0.137897
1.5,1.4,0.132983
1.5,1.5,0.128022
1.5,1.6,0.123032
1.5,1.7,0.118031
1.5,1.8,0.113038
1.5,1.9,0.108067
1.5,2,0.103137
1.5,2.1,0.0982599
1.5,2.2,0.0934515
1.5,2.3,0.0887242
1.5,2.4,0.08409
1.5,2.5,0.0795595
1.5,2.6,0.0751426
1.5,2.7,0.0708478
1.5,2.8,0.0666825
1.5,2.9,0.0626533
1.5,3,0.0587655
1.5,3.1,0.0550233
1.5,3.2,0.05143
1.5,3.3,0.047988
1.5,3.4,0.0446987
1.5,3.5,0.0415626
1.5,3.6,0.0385795
1.5,3.7,0.0357484
1.5,3.8,0.0330676
1.5,3.9,0.0305348
1.5,4,0.0281471
1.5,4.1,0.0259011
1.5,4.2,0.0237929
1.5,4.3,0.0218185
1.5,4.4,0.0199731
1.5,4.5,0.0182522
1.5,4.6,0.0166506
1.5,4.7,0.0151632
1.5,4.8,0.0137847
1.5,4.9,0.0125097
1.5,5,0.011333
1.6,0,0.204429
1.6,0.1,0.201897
1.6,0.2,0.19905
1.6,0.3,0.195902
1.6,0.4,0.192471
1.6,0.5,0.188771
1.6,0.6,0.184821
1.6,0.7,0.18064
1.6,0.8,0.176247
1.6,0.9,0.171663
1.6,1,0.166908
1.6,1.1,0.162003
1.6,1.2,0.15697
1.6,1.3,0.151829
1.6,1.4,0.146602
1.6,1.5,0.141309
1.6,1.6,0.135971
1.6,1.7,0.130608
1.6,1.8,0.125239
1.6,1.9,0.119882
1.6,2,0.114555
1.6,2.1,0.109275
1.6,2.2,0.104057
1.6,2.3,0.0989172
1.6,2.4,0.0938678
1.6,2.5,0.0889217
1.6,2.6,0.08409
1.6,2.7,0.0793829
1.6,2.8,0.0748094
1.6,2.9,0.070377
1.6,3,0.0660925
1.6,3.1,0.0619611
1.6,3.2,0.0579872
1.6,3.3,0.054174
1.6,3.4,0.0505238
1.6,3.5,0.0470378
1.6,3.6,0.0437163
1.6,3.7,0.040559
1.6,3.8,0.0375643
1.6,3.9,0.0347305
1.6,4,0.0320547
1.6,4.1,0.0295338
1.6,4.2,0.0271639
1.6,4.3,0.0249409
1.6,4.4,0.02286
1.6,4.5,0.0209164
1.6,4.6,0.0191049
1.6,4.7,0.01742
1.6,4.8,0.0158561
1.6,4.9,0.0144076
1.6,5,0.0130687
1.7,0,0.220902
1.7,0.1,0.218439
1.7,0.2,0.215628
1.7,0.3,0.212484
1.7,0.4,0.209023
1.7,0.5,0.205261
1.7,0.6,0.201218
1.7,0.7,0.196912
1.7,0.8,0.192364
1.7,0.9,0.187595
1.7,1,0.182626
1.7,1.1,0.177482
1.7,1.2,0.172182
1.7,1.3,0.166752
1.7,1.4,0.161212
1.7,1.5,0.155586
1.7,1.6,0.149896
1.7,1.7,0.144164
1.7,1.8,0.13841
1.7,1.9,0.132655
1.7,2,0.12692
1.7,2.1,0.121221
1.7,2.2,0.115578
1.7,2.3,0.110006
1.7,2.4,0.104521
1.7,2.5,0.0991373
1.7,2.6,0.0938678
1.7,2.7,0.0887243
1.7,2.8,0.0837171
1.7,2.9,0.0788555
1.7,3,0.0741474
1.7,3.1,0.0695994
1.7,3.2,0.0652171
1.7,3.3,0.0610047
1.7,3.4,0.0569654
1.7,3.5,0.0531013
1.7,3.6,0.0494134
1.7,3.7,0.0459019
1.7,3.8,0.042566
1.7,3.9,0.039404
1.7,4,0.0364137
1.7,4.1,0.0335919
1.7,4.2,0.030935
1.7,4.3,0.0284389
1.7,4.4,0.0260988
1.7,4.5,0.0239097
1.7,4.6,0.0218663
1.7,4.7,0.0199628
1.7,4.8,0.0181933
1.7,4.9,0.016552
1.7,5,0.0150326
1.8,0,0.238107
1.8,0.1,0.235746
1.8,0.2,0.233004
1.8,0.3,0.229894
1.8,0.4,0.226432
1.8,0.5,0.222635
1.8,0.6,0.218522
1.8,0.7,0.214113
1.8,0.8,0.20943
1.8,0.9,0.204493
1.8,1,0.199326
1.8,1.1,0.193953
1.8,1.2,0.188397
1.8,1.3,0.182684
1.8,1.4,0.176836
1.8,1.5,0.170878
1.8,1.6,0.164835
1.8,1.7,0.158729
1.8,1.8,0.152585
1.8,1.9,0.146424
1.8,2,0.140268
1.8,2.1,0.134138
1.8,2.2,0.128053
1.8,2.3,0.122032
1.8,2.4,0.116093
1.8,2.5,0.110251
1.8,2.6,0.104521
1.8,2.7,0.0989172
1.8,2.8,0.0934516
1.8,2.9,0.0881347
1.8,3,0.0829763
1.8,3.1,0.0779842
1.8,3.2,0.0731653
1.8,3.3,0.0685251
1.8,3.4,0.0640679
1.8,3.5,0.0597967
1.8,3.6,0.0557134
1.8,3.7,0.051819
1.8,3.8,0.0481131
1.8,3.9,0.0445948
1.8,4,0.0412621
1.8,4.1,0.0381122
1.8,4.2,0.0351417
1.8,4.3,0.0323465
1.8,4.4,0.029722
1.8,4.5,0.0272631
1.8,4.6,0.0249642
1.8,4.7,0.0228196
1.8,4.8,0.020823
1.8,4.9,0.0189681
1.8,5,0.0172485
1.9,0,0.256011
1.9,0.1,0.25379
1.9,0.2,0.251151
1.9,0.3,0.248109
1.9,0.4,0.244678
1.9,0.5,0.240876
1.9,0.6,0.236722
1.9,0.7,0.232236
1.9,0.8,0.22744
1.9,0.9,0.222357
1.9,1,0.21701
1.9,1.1,0.211424
1.9,1.2,0.205625
1.9,1.3,0.199638
1.9,1.4,0.193489
1.9,1.5,0.187204
1.9,1.6,0.180809
1.9,1.7,0.17433
1.9,1.8,0.167791
1.9,1.9,0.161218
1.9,2,0.154633
1.9,2.1,0.14806
1.9,2.2,0.14152
1.9,2.3,0.135035
1.9,2.4,0.128623
1.9,2.5,0.122304
1.9,2.6,0.116093
1.9,2.7,0.110006
1.9,2.8,0.104058
1.9,2.9,0.09826
1.9,3,0.0926246
1.9,3.1,0.0871609
1.9,3.2,0.0818773
1.9,3.3,0.0767805
1.9,3.4,0.0718761
1.9,3.5,0.0671683
1.9,3.6,0.0626599
1.9,3.7,0.0583528
1.9,3.8,0.0542474
1.9,3.9,0.0503434
1.9,4,0.0466394
1.9,4.1,0.0431328
1.9,4.2,0.0398208
1.9,4.3,0.0366993
1.9,4.4,0.0337638
1.9,4.5,0.0310092
1.9,4.6,0.02843
1.9,4.7,0.0260201
1.9,4.8,0.0237731
1.9,4.9,0.0216826
1.9,5,0.0197415
2,0,0.274574
2,0.1,0.272532
2,0.2,0.270036
2,0.3,0.267098
2,0.4,0.263734
2,0.5,0.259961
2,0.6,0.255798
2,0.7,0.251264
2,0.8,0.246383
2,0.9,0.241177
2,1,0.235672
2,1.1,0.229894
2,1.2,0.223867
2,1.3,0.217621
2,1.4,0.211182
2,1.5,0.204578
2,1.6,0.197837
2,1.7,0.190986
2,1.8,0.184052
2,1.9,0.177063
2,2,0.170043
2,2.1,0.163019
2,2.2,0.156014
2,2.3,0.14905
2,2.4,0.142151
2,2.5,0.135335
2,2.6,0.128623
2,2.7,0.122032
2,2.8,0.115578
2,2.9,0.109275
2,3,0.103137
2,3.1,0.0971743
2,3.2,0.0913978
2,3.3,0.0858156
2,3.4,0.0804345
2,3.5,0.0752601
2,3.6,0.0702965
2,3.7,0.0655463
2,3.8,0.0610111
2,3.9,0.0566911
2,4,0.0525857
2,4.1,0.048693
2,4.2,0.0450102
2,4.3,0.0415338
2,4.4,0.0382594
2,4.5,0.035182
2,4.6,0.032296
2,4.7,0.0295954
2,4.8,0.0270735
2,4.9,0.0247236
2,5,0.0225385
2.1,0,0.293748
2.1,0.1,0.291927
2.1,0.2,0.289615
2.1,0.3,0.286823
2.1,0.4,0.283565
2.1,0.5,0.279858
2.1,0.6,0.27572
2.1,0.7,0.271173
2.1,0.8,0.266237
2.1,0.9,0.260938
2.1,1,0.255301
2.1,1.1,0.249352
2.1,1.2,0.24312
2.1,1.3,0.236632
2.1,1.4,0.229918
2.1,1.5,0.223006
2.1,1.6,0.215928
2.1,1.7,0.208711
2.1,1.8,0.201385
2.1,1.9,0.19398
2.1,2,0.186523
2.1,2.1,0.179041
2.1,2.2,0.171562
2.1,2.3,0.164109
2.1,2.4,0.156708
2.1,2.5,0.149382
2.1,2.6,0.142151
2.1,2.7,0.135035
2.1,2.8,0.128053
2.1,2.9,0.121221
2.1,3,0.114555
2.1,3.1,0.108067
2.1,3.2,0.101771
2.1,3.3,0.0956744
2.1,3.4,0.0897873
2.1,3.5,0.0841163
2.1,3.6,0.0786668
2.1,3.7,0.0734428
2.1,3.8,0.0684467
2.1,3.9,0.0636798
2.1,4,0.0591422
2.1,4.1,0.0548326
2.1,4.2,0.0507488
2.1,4.3,0.0468878
2.1,4.4,0.0432453
2.1,4.5,0.0398166
2.1,4.6,0.0365962
2.1,4.7,0.0335779
2.1,4.8,0.0307551
2.1,4.9,0.0281207
2.1,5,0.0256674
2.2,0,0.313475
2.2,0.1,0.311923
2.2,0.2,0.309839
2.2,0.3,0.307236
2.2,0.4,0.304126
2.2,0.5,0.300526
2.2,0.6,0.296453
2.2,0.7,0.291927
2.2,0.8,0.286973
2.2,0.9,0.281613
2.2,1,0.275874
2.2,1.1,0.269783
2.2,1.2,0.263368
2.2,1.3,0.256661
2.2,1.4,0.24969
2.2,1.5,0.242487
2.2,1.6,0.235084
2.2,1.7,0.227511
2.2,1.8,0.219801
2.2,1.9,0.211983
2.2,2,0.204089
2.2,2.1,0.196147
2.2,2.2,0.188188
2.2,2.3,0.180239
2.2,2.4,0.172326
2.2,2.5,0.164474
2.2,2.6,0.156708
2.2,2.7,0.14905
2.2,2.8,0.14152
2.2,2.9,0.134138
2.2,3,0.12692
2.2,3.1,0.119882
2.2,3.2,0.113038
2.2,3.3,0.106399
2.2,3.4,0.0999773
2.2,3.5,0.0937799
2.2,3.6,0.087814
2.2,3.7,0.0820851
2.2,3.8,0.0765968
2.2,3.9,0.0713514
2.2,4,0.06635
2.2,4.1,0.0615921
2.2,4.2,0.0570763
2.2,4.3,0.0527998
2.2,4.4,0.0487589
2.2,4.5,0.0449493
2.2,4.6,0.0413654
2.2,4.7,0.0380012
2.2,4.8,0.0348501
2.2,4.9,0.0319048
2.2,5,0.0291578
2.3,0,0.333693
2.3,0.1,0.332455
2.3,0.2,0.330648
2.3,0.3,0.32828
2.3,0.4,0.325363
2.3,0.5,0.321914
2.3,0.6,0.317948
2.3,0.7,0.313486
2.3,0.8,0.308551
2.3,0.9,0.303167
2.3,1,0.29736
2.3,1.1,0.291158
2.3,1.2,0.284591
2.3,1.3,0.27769
2.3,1.4,0.270486
2.3,1.5,0.263012
2.3,1.6,0.255301
2.3,1.7,0.247386
2.3,1.8,0.239301
2.3,1.9,0.231078
2.3,2,0.222751
2.3,2.1,0.214351
2.3,2.2,0.205911
2.3,2.3,0.197459
2.3,2.4,0.189027
2.3,2.5,0.18064
2.3,2.6,0.172326
2.3,2.7,0.164109
2.3,2.8,0.156014
2.3,2.9,0.14806
2.3,3,0.140268
2.3,3.1,0.132656
2.3,3.2,0.125239
2.3,3.3,0.118031
2.3,3.4,0.111046
2.3,3.5,0.104293
2.3,3.6,0.0977801
2.3,3.7,0.0915153
2.3,3.8,0.0855033
2.3,3.9,0.0797477
2.3,4,0.0742505
2.3,4.1,0.0690123
2.3,4.2,0.0640323
2.3,4.3,0.0593087
2.3,4.4,0.0548383
2.3,4.5,0.0506168
2.3,4.6,0.0466393
2.3,4.7,0.0428998
2.3,4.8,0.0393917
2.3,4.9,0.0361077
2.3,5,0.0330401
2.4,0,0.354327
2.4,0.1,0.353455
2.4,0.2,0.351973
2.4,0.3,0.349889
2.4,0.4,0.347214
2.4,0.5,0.343963
2.4,0.6,0.34015
2.4,0.7,0.335796
2.4,0.8,0.330923
2.4,0.9,0.325555
2.4,1,0.319719
2.4,1.1,0.313443
2.4,1.2,0.306756
2.4,1.3,0.299692
2.4,1.4,0.292282
2.4,1.5,0.284562
2.4,1.6,0.276564
2.4,1.7,0.268325
2.4,1.8,0.25988
2.4,1.9,0.251264
2.4,2,0.242513
2.4,2.1,0.23366
2.4,2.2,0.22474
2.4,2.3,0.215785
2.4,2.4,0.206828
2.4,2.5,0.197899
2.4,2.6,0.189027
2.4,2.7,0.180239
2.4,2.8,0.171562
2.4,2.9,0.163019
2.4,3,0.154633
2.4,3.1,0.146424
2.4,3.2,0.13841
2.4,3.3,0.130608
2.4,3.4,0.123032
2.4,3.5,0.115694
2.4,3.6,0.108605
2.4,3.7,0.101774
2.4,3.8,0.0952071
2.4,3.9,0.0889093
2.4,4,0.0828841
2.4,4.1,0.0771332
2.4,4.2,0.0716568
2.4,4.3,0.0664538
2.4,4.4,0.0615216
2.4,4.5,0.0568567
2.4,4.6,0.0524544
2.4,4.7,0.048309
2.4,4.8,0.044414
2.4,4.9,0.0407623
2.4,5,0.0373459
2.5,0,0.375298
2.5,0.1,0.374842
2.5,0.2,0.373738
2.5,0.3,0.37199
2.5,0.4,0.369608
2.5,0.5,0.366604
2.5,0.6,0.362994
2.5,0.7,0.358796
2.5,0.8,0.354032
2.5,0.9,0.348725
2.5,1,0.342901
2.5,1.1,0.33659
2.5,1.2,0.329822
2.5,1.3,0.32263
2.5,1.4,0.315047
2.5,1.5,0.307108
2.5,1.6,0.29885
2.5,1.7,0.29031
2.5,1.8,0.281525
2.5,1.9,0.272532
2.5,2,0.263368
2.5,2.1,0.254072
2.5,2.2,0.244678
2.5,2.3,0.235223
2.5,2.4,0.225741
2.5,2.5,0.216265
2.5,2.6,0.206828
2.5,2.7,0.197459
2.5,2.8,0.188188
2.5,2.9,0.179041
2.5,3,0.170043
2.5,3.1,0.161218
2.5,3.2,0.152585
2.5,3.3,0.144164
2.5,3.4,0.135971
2.5,3.5,0.128022
2.5,3.6,0.120328
2.5,3.7,0.1129
2.5,3.8,0.105748
2.5,3.9,0.0988761
2.5,4,0.0922907
2.5,4.1,0.0859945
2.5,4.2,0.0799889
2.5,4.3,0.0742737
2.5,4.4,0.0688471
2.5,4.5,0.0637063
2.5,4.6,0.0588472
2.5,4.7,0.0542644
2.5,4.8,0.0499516
2.5,4.9,0.0459019
2.5,5,0.0421073
2.6,0,0.396518
2.6,0.1,0.396531
2.6,0.2,0.395857
2.6,0.3,0.394499
2.6,0.4,0.392463
2.6,0.5,0.389761
2.6,0.6,0.386405
2.6,0.7,0.382414
2.6,0.8,0.377808
2.6,0.9,0.37261
2.6,1,0.366846
2.6,1.1,0.360545
2.6,1.2,0.353737
2.6,1.3,0.346456
2.6,1.4,0.338736
2.6,1.5,0.330613
2.6,1.6,0.322126
2.6,1.7,0.313312
2.6,1.8,0.304211
2.6,1.9,0.294861
2.6,2,0.285304
2.6,2.1,0.275577
2.6,2.2,0.26572
2.6,2.3,0.255771
2.6,2.4,0.245768
2.6,2.5,0.235746
2.6,2.6,0.225741
2.6,2.7,0.215785
2.6,2.8,0.205911
2.6,2.9,0.196147
2.6,3,0.186523
2.6,3.1,0.177063
2.6,3.2,0.167791
2.6,3.3,0.158729
2.6,3.4,0.149896
2.6,3.5,0.141309
2.6,3.6,0.132983
2.6,3.7,0.12493
2.6,3.8,0.117162
2.6,3.9,0.109685
2.6,4,0.102508
2.6,4.1,0.0956345
2.6,4.2,0.0890669
2.6,4.3,0.0828065
2.6,4.4,0.0768525
2.6,4.5,0.0712029
2.6,4.6,0.0658543
2.6,4.7,0.0608017
2.6,4.8,0.0560394
2.6,4.9,0.0515605
2.6,5,0.0473574
2.7,0,0.417891
2.7,0.1,0.418428
2.7,0.2,0.418239
2.7,0.3,0.417325
2.7,0.4,0.415691
2.7,0.5,0.413345
2.7,0.6,0.410299
2.7,0.7,0.40657
2.7,0.8,0.402175
2.7,0.9,0.397138
2.7,1,0.391483
2.7,1.1,0.38524
2.7,1.2,0.378439
2.7,1.3,0.371112
2.7,1.4,0.363297
2.7,1.5,0.355029
2.7,1.6,0.346347
2.7,1.7,0.337292
2.7,1.8,0.327904
2.7,1.9,0.318224
2.7,2,0.308294
2.7,2.1,0.298156
2.7,2.2,0.287851
2.7,2.3,0.27742
2.7,2.4,0.266903
2.7,2.5,0.25634
2.7,2.6,0.245768
2.7,2.7,0.235223
2.7,2.8,0.22474
2.7,2.9,0.214351
2.7,3,0.204089
2.7,3.1,0.19398
2.7,3.2,0.184052
2.7,3.3,0.17433
2.7,3.4,0.164835
2.7,3.5,0.155586
2.7,3.6,0.146602
2.7,3.7,0.137897
2.7,3.8,0.129484
2.7,3.9,0.121373
2.7,4,0.113573
2.7,4.1,0.10609
2.7,4.2,0.0989276
2.7,4.3,0.092089
2.7,4.4,0.0855746
2.7,4.5,0.079383
2.7,4.6,0.0735116
2.7,4.7,0.0679565
2.7,4.8,0.0627121
2.7,4.9,0.0577721
2.7,5,0.053129
2.8,0,0.439317
2.8,0.1,0.440432
2.8,0.2,0.440783
2.8,0.3,0.44037
2.8,0.4,0.439195
2.8,0.5,0.437262
2.8,0.6,0.434583
2.8,0.7,0.431171
2.8,0.8,0.427044
2.8,0.9,0.422223
2.8,1,0.416732
2.8,1.1,0.410599
2.8,1.2,0.403854
2.8,1.3,0.396531
2.8,1.4,0.388666
2.8,1.5,0.380296
2.8,1.6,0.37146
2.8,1.7,0.362201
2.8,1.8,0.35256
2.8,1.9,0.34258
2.8,2,0.332305
2.8,2.1,0.321779
2.8,2.2,0.311046
2.8,2.3,0.30015
2.8,2.4,0.289133
2.8,2.5,0.278037
2.8,2.6,0.266903
2.8,2.7,0.255771
2.8,2.8,0.244678
2.8,2.9,0.23366
2.8,3,0.222751
2.8,3.1,0.211983
2.8,3.2,0.201385
2.8,3.3,0.190986
2.8,3.4,0.180809
2.8,3.5,0.170878
2.8,3.6,0.161212
2.8,3.7,0.151829
2.8,3.8,0.142744
2.8,3.9,0.13397
2.8,4,0.125517
2.8,4.1,0.117394
2.8,4.2,0.109606
2.8,4.3,0.102156
2.8,4.4,0.0950486
2.8,4.5,0.0882818
2.8,4.6,0.0818545
2.8,4.7,0.0757635
2.8,4.8,0.0700042
2.8,4.9,0.0645704
2.8,5,0.0594551
2.9,0,0.460688
2.9,0.1,0.462435
2.9,0.2,0.463383
2.9,0.3,0.463528
2.9,0.4,0.462868
2.9,0.5,0.461408
2.9,0.6,0.459155
2.9,0.7,0.45612
2.9,0.8,0.452319
2.9,0.9,0.447771
2.9,1,0.442501
2.9,1.1,0.436534
2.9,1.2,0.4299
2.9,1.3,0.422633
2.9,1.4,0.414768
2.9,1.5,0.406344
2.9,1.6,0.3974
2.9,1.7,0.387978
2.9,1.8,0.378123
2.9,1.9,0.367879
2.9,2,0.357292
2.9,2.1,0.346408
2.9,2.2,0.335272
2.9,2.3,0.323932
2.9,2.4,0.312432
2.9,2.5,0.300818
2.9,2.6,0.289133
2.9,2.7,0.27742
2.9,2.8,0.26572
2.9,2.9,0.254072
2.9,3,0.242513
2.9,3.1,0.231078
2.9,3.2,0.219801
2.9,3.3,0.208711
2.9,3.4,0.197837
2.9,3.5,0.187204
2.9,3.6,0.176836
2.9,3.7,0.166752
2.9,3.8,0.15697
2.9,3.9,0.147506
2.9,4,0.138372
2.9,4.1,0.129578
2.9,4.2,0.121133
2.9,4.3,0.113042
2.9,4.4,0.105308
2.9,4.5,0.097933
2.9,4.6,0.0909167
2.9,4.7,0.0842566
2.9,4.8,0.077949
2.9,4.9,0.0719885
2.9,5,0.0663684
3,0,0.481892
3,0.1,0.484324
3,0.2,0.485925
3,0.3,0.486685
3,0.4,0.4866
3,0.5,0.485672
3,0.6,0.483904
3,0.7,0.481307
3,0.8,0.477893
3,0.9,0.47368
3,1,0.46869
3,1.1,0.462949
3,1.2,0.456484
3,1.3,0.449329
3,1.4,0.441519
3,1.5,0.433092
3,1.6,0.424089
3,1.7,0.414552
3,1.8,0.404528
3,1.9,0.394061
3,2,0.383199
3,2.1,0.37199
3,2.2,0.360482
3,2.3,0.348725
3,2.4,0.336765
3,2.5,0.324652
3,2.6,0.312432
3,2.7,0.30015
3,2.8,0.287851
3,2.9,0.275577
3,3,0.263368
3,3.1,0.251264
3,3.2,0.239301
3,3.3,0.227511
3,3.4,0.215927
3,3.5,0.204578
3,3.6,0.193489
3,3.7,0.182684
3,3.8,0.172182
3,3.9,0.162003
3,4,0.152162
3,4.1,0.14267
3,4.2,0.133538
3,4.3,0.124774
3,4.4,0.116383
3,4.5,0.108368
3,4.6,0.10073
3,4.7,0.0934678
3,4.8,0.0865788
3,4.9,0.0800584
3,5,0.0739006
3.1,0,0.502814
3.1,0.1,0.505984
3.1,0.2,0.508291
3.1,0.3,0.509722
3.1,0.4,0.510271
3.1,0.5,0.509935
3.1,0.6,0.508714
3.1,0.7,0.506617
3.1,0.8,0.503653
3.1,0.9,0.499837
3.1,1,0.49519
3.1,1.1,0.489736
3.1,1.2,0.483501
3.1,1.3,0.476518
3.1,1.4,0.468821
3.1,1.5,0.460448
3.1,1.6,0.45144
3.1,1.7,0.441841
3.1,1.8,0.431695
3.1,1.9,0.421051
3.1,2,0.409957
3.1,2.1,0.398463
3.1,2.2,0.38662
3.1,2.3,0.374478
3.1,2.4,0.362088
3.1,2.5,0.3495
3.1,2.6,0.336765
3.1,2.7,0.323932
3.1,2.8,0.311046
3.1,2.9,0.298156
3.1,3,0.285304
3.1,3.1,0.272532
3.1,3.2,0.25988
3.1,3.3,0.247386
3.1,3.4,0.235084
3.1,3.5,0.223006
3.1,3.6,0.211182
3.1,3.7,0.199638
3.1,3.8,0.188397
3.1,3.9,0.177482
3.1,4,0.166908
3.1,4.1,0.156692
3.1,4.2,0.146846
3.1,4.3,0.137381
3.1,4.4,0.128302
3.1,4.5,0.119616
3.1,4.6,0.111324
3.1,4.7,0.103427
3.1,4.8,0.0959238
3.1,4.9,0.0888106
3.1,5,0.0820822
3.2,0,0.523334
3.2,0.1,0.527292
3.2,0.2,0.530359
3.2,0.3,0.532518
3.2,0.4,0.533758
3.2,0.5,0.534073
3.2,0.6,0.533461
3.2,0.7,0.531926
3.2,0.8,0.529475
3.2,0.9,0.526122
3.2,1,0.521882
3.2,1.1,0.516779
3.2,1.2,0.510838
3.2,1.3,0.50409
3.2,1.4,0.496568
3.2,1.5,0.488309
3.2,1.6,0.479355
3.2,1.7,0.469749
3.2,1.8,0.459537
3.2,1.9,0.448767
3.2,2,0.43749
3.2,2.1,0.425756
3.2,2.2,0.413618
3.2,2.3,0.401129
3.2,2.4,0.388342
3.2,2.5,0.375311
3.2,2.6,0.362088
3.2,2.7,0.348725
3.2,2.8,0.335272
3.2,2.9,0.321779
3.2,3,0.308294
3.2,3.1,0.294861
3.2,3.2,0.281525
3.2,3.3,0.268325
3.2,3.4,0.255301
3.2,3.5,0.242487
3.2,3.6,0.229917
3.2,3.7,0.217621
3.2,3.8,0.205625
3.2,3.9,0.193953
3.2,4,0.182626
3.2,4.1,0.171663
3.2,4.2,0.161078
3.2,4.3,0.150883
3.2,4.4,0.141089
3.2,4.5,0.131701
3.2,4.6,0.122725
3.2,4.7,0.114162
3.2,4.8,0.106012
3.2,4.9,0.0982737
3.2,5,0.090942
3.3,0,0.543332
3.3,0.1,0.548126
3.3,0.2,0.552003
3.3,0.3,0.554943
3.3,0.4,0.556932
3.3,0.5,0.557957
3.3,0.6,0.558016
3.3,0.7,0.557106
3.3,0.8,0.555232
3.3,0.9,0.552406
3.3,1,0.54864
3.3,1.1,0.543955
3.3,1.2,0.538374
3.3,1.3,0.531926
3.3,1.4,0.524644
3.3,1.5,0.516564
3.3,1.6,0.507726
3.3,1.7,0.498174
3.3,1.8,0.487953
3.3,1.9,0.477114
3.3,2,0.465705
3.3,2.1,0.453781
3.3,2.2,0.441396
3.3,2.3,0.428604
3.3,2.4,0.41546
3.3,2.5,0.402021
3.3,2.6,0.388342
3.3,2.7,0.374478
3.3,2.8,0.360482
3.3,2.9,0.346408
3.3,3,0.332305
3.3,3.1,0.318224
3.3,3.2,0.304211
3.3,3.3,0.29031
3.3,3.4,0.276564
3.3,3.5,0.263012
3.3,3.6,0.24969
3.3,3.7,0.236632
3.3,3.8,0.223867
3.3,3.9,0.211424
3.3,4,0.199326
3.3,4.1,0.187595
3.3,4.2,0.176247
3.3,4.3,0.165299
3.3,4.4,0.154762
3.3,4.5,0.144645
3.3,4.6,0.134955
3.3,4.7,0.125696
3.3,4.8,0.116869
3.3,4.9,0.108473
3.3,5,0.100506
3.4,0,0.562685
3.4,0.1,0.56836
3.4,0.2,0.573096
3.4,0.3,0.576869
3.4,0.4,0.57966
3.4,0.5,0.581454
3.4,0.6,0.582242
3.4,0.7,0.58202
3.4,0.8,0.580789
3.4,0.9,0.578554
3.4,1,0.575329
3.4,1.1,0.571129
3.4,1.2,0.565977
3.4,1.3,0.559898
3.4,1.4,0.552924
3.4,1.5,0.545089
3.4,1.6,0.536433
3.4,1.7,0.526999
3.4,1.8,0.516833
3.4,1.9,0.505984
3.4,2,0.494503
3.4,2.1,0.482444
3.4,2.2,0.469863
3.4,2.3,0.456817
3.4,2.4,0.443362
3.4,2.5,0.429557
3.4,2.6,0.41546
3.4,2.7,0.401129
3.4,2.8,0.38662
3.4,2.9,0.37199
3.4,3,0.357292
3.4,3.1,0.34258
3.4,3.2,0.327904
3.4,3.3,0.313312
3.4,3.4,0.29885
3.4,3.5,0.284562
3.4,3.6,0.270486
3.4,3.7,0.256661
3.4,3.8,0.24312
3.4,3.9,0.229894
3.4,4,0.21701
3.4,4.1,0.204493
3.4,4.2,0.192364
3.4,4.3,0.18064
3.4,4.4,0.169336
3.4,4.5,0.158465
3.4,4.6,0.148034
3.4,4.7,0.13805
3.4,4.8,0.128516
3.4,4.9,0.119433
3.4,5,0.110799
3.5,0,0.581273
3.5,0.1,0.587869
3.5,0.2,0.59351
3.5,0.3,0.598165
3.5,0.4,0.60181
3.5,0.5,0.604428
3.5,0.6,0.606004
3.5,0.7,0.60653
3.5,0.8,0.606004
3.5,0.9,0.604428
3.5,1,0.60181
3.5,1.1,0.598165
3.5,1.2,0.59351
3.5,1.3,0.587869
3.5,1.4,0.581273
3.5,1.5,0.573753
3.5,1.6,0.565348
3.5,1.7,0.556101
3.5,1.8,0.546055
3.5,1.9,0.535261
3.5,2,0.52377
3.5,2.1,0.511637
3.5,2.2,0.498918
3.5,2.3,0.485671
3.5,2.4,0.471956
3.5,2.5,0.457833
3.5,2.6,0.443362
3.5,2.7,0.428604
3.5,2.8,0.413618
3.5,2.9,0.398463
3.5,3,0.383199
3.5,3.1,0.367879
3.5,3.2,0.35256
3.5,3.3,0.337292
3.5,3.4,0.322126
3.5,3.5,0.307108
3.5,3.6,0.292282
3.5,3.7,0.27769
3.5,3.8,0.263368
3.5,3.9,0.249352
3.5,4,0.235672
3.5,4.1,0.222357
3.5,4.2,0.20943
3.5,4.3,0.196912
3.5,4.4,0.184821
3.5,4.5,0.173172
3.5,4.6,0.161975
3.5,4.7,0.15124
3.5,4.8,0.140971
3.5,4.9,0.131172
3.5,5,0.121842
3.6,0,0.598975
3.6,0.1,0.60653
3.6,0.2,0.613116
3.6,0.3,0.618697
3.6,0.4,0.623247
3.6,0.5,0.626741
3.6,0.6,0.629161
3.6,0.7,0.630495
3.6,0.8,0.630736
3.6,0.9,0.629882
3.6,1,0.627939
3.6,1.1,0.624915
3.6,1.2,0.620828
3.6,1.3,0.615697
3.6,1.4,0.609549
3.6,1.5,0.602417
3.6,1.6,0.594334
3.6,1.7,0.585344
3.6,1.8,0.575489
3.6,1.9,0.564819
3.6,2,0.553385
3.6,2.1,0.541242
3.6,2.2,0.528447
3.6,2.3,0.515059
3.6,2.4,0.50114
3.6,2.5,0.486752
3.6,2.6,0.471956
3.6,2.7,0.456817
3.6,2.8,0.441396
3.6,2.9,0.425756
3.6,3,0.409957
3.6,3.1,0.394061
3.6,3.2,0.378123
3.6,3.3,0.362201
3.6,3.4,0.346347
3.6,3.5,0.330613
3.6,3.6,0.315046
3.6,3.7,0.299692
3.6,3.8,0.284591
3.6,3.9,0.269783
3.6,4,0.255301
3.6,4.1,0.241177
3.6,4.2,0.22744
3.6,4.3,0.214113
3.6,4.4,0.201218
3.6,4.5,0.188771
3.6,4.6,0.176787
3.6,4.7,0.165276
3.6,4.8,0.154247
3.6,4.9,0.143704
3.6,5,0.13365
3.7,0,0.615676
3.7,0.1,0.624221
3.7,0.2,0.631788
3.7,0.3,0.638337
3.7,0.4,0.643835
3.7,0.5,0.648254
3.7,0.6,0.651571
3.7,0.7,0.653769
3.7,0.8,0.654837
3.7,0.9,0.654769
3.7,1,0.653565
3.7,1.1,0.651232
3.7,1.2,0.647781
3.7,1.3,0.643232
3.7,1.4,0.637606
3.7,1.5,0.630933
3.7,1.6,0.623246
3.7,1.7,0.614586
3.7,1.8,0.604995
3.7,1.9,0.59452
3.7,2,0.583213
3.7,2.1,0.571129
3.7,2.2,0.558325
3.7,2.3,0.544862
3.7,2.4,0.530801
3.7,2.5,0.516205
3.7,2.6,0.50114
3.7,2.7,0.485671
3.7,2.8,0.469863
3.7,2.9,0.453781
3.7,3,0.43749
3.7,3.1,0.421051
3.7,3.2,0.404528
3.7,3.3,0.387978
3.7,3.4,0.37146
3.7,3.5,0.355029
3.7,3.6,0.338736
3.7,3.7,0.32263
3.7,3.8,0.306756
3.7,3.9,0.291158
3.7,4,0.275874
3.7,4.1,0.260938
3.7,4.2,0.246383
3.7,4.3,0.232236
3.7,4.4,0.218522
3.7,4.5,0.205261
3.7,4.6,0.192471
3.7,4.7,0.180164
3.7,4.8,0.168352
3.7,4.9,0.157041
3.7,5,0.146236
3.8,0,0.631261
3.8,0.1,0.640824
3.8,0.2,0.649403
3.8,0.3,0.656955
3.8,0.4,0.663443
3.8,0.5,0.668832
3.8,0.6,0.673095
3.8,0.7,0.676211
3.8,0.8,0.678162
3.8,0.9,0.67894
3.8,1,0.678539
3.8,1.1,0.676962
3.8,1.2,0.674218
3.8,1.3,0.67032
3.8,1.4,0.665288
3.8,1.5,0.659149
3.8,1.6,0.651933
3.8,1.7,0.643678
3.8,1.8,0.634425
3.8,1.9,0.624221
3.8,2,0.613115
3.8,2.1,0.601163
3.8,2.2,0.588421
3.8,2.3,0.57495
3.8,2.4,0.560812
3.8,2.5,0.546074
3.8,2.6,0.530801
3.8,2.7,0.515059
3.8,2.8,0.498918
3.8,2.9,0.482444
3.8,3,0.465705
3.8,3.1,0.448767
3.8,3.2,0.431695
3.8,3.3,0.414552
3.8,3.4,0.3974
3.8,3.5,0.380296
3.8,3.6,0.363297
3.8,3.7,0.346456
3.8,3.8,0.329822
3.8,3.9,0.313443
3.8,4,0.29736
3.8,4.1,0.281613
3.8,4.2,0.266237
3.8,4.3,0.251264
3.8,4.4,0.236722
3.8,4.5,0.222635
3.8,4.6,0.209023
3.8,4.7,0.195902
3.8,4.8,0.183287
3.8,4.9,0.171187
3.8,5,0.159608
3.9,0,0.645626
3.9,0.1,0.656226
3.9,0.2,0.665843
3.9,0.3,0.674429
3.9,0.4,0.68194
3.9,0.5,0.68834
3.9,0.6,0.693594
3.9,0.7,0.697676
3.9,0.8,0.700565
3.9,0.9,0.702245
3.9,1,0.702709
3.9,1.1,0.701953
3.9,1.2,0.699981
3.9,1.3,0.696804
3.9,1.4,0.692439
3.9,1.5,0.686907
3.9,1.6,0.680238
3.9,1.7,0.672464
3.9,1.8,0.663627
3.9,1.9,0.653769
3.9,2,0.642941
3.9,2.1,0.631195
3.9,2.2,0.61859
3.9,2.3,0.605184
3.9,2.4,0.591042
3.9,2.5,0.576229
3.9,2.6,0.560812
3.9,2.7,0.544862
3.9,2.8,0.528447
3.9,2.9,0.511637
3.9,3,0.494503
3.9,3.1,0.477114
3.9,3.2,0.459537
3.9,3.3,0.441841
3.9,3.4,0.424089
3.9,3.5,0.406344
3.9,3.6,0.388666
3.9,3.7,0.371112
3.9,3.8,0.353737
3.9,3.9,0.33659
3.9,4,0.319719
3.9,4.1,0.303167
3.9,4.2,0.286973
3.9,4.3,0.271172
3.9,4.4,0.255798
3.9,4.5,0.240876
3.9,4.6,0.226432
3.9,4.7,0.212484
3.9,4.8,0.19905
3.9,4.9,0.186141
3.9,5,0.173768
4,0,0.658668
4,0.1,0.67032
4,0.2,0.680994
4,0.3,0.690638
4,0.4,0.699204
4,0.5,0.706648
4,0.6,0.712933
4,0.7,0.718025
4,0.8,0.7219
4,0.9,0.724537
4,1,0.725922
4,1.1,0.726048
4,1.2,0.724914
4,1.3,0.722527
4,1.4,0.718898
4,1.5,0.714047
4,1.6,0.707999
4,1.7,0.700784
4,1.8,0.692439
4,1.9,0.683007
4,2,0.672534
4,2.1,0.661074
4,2.2,0.648682
4,2.3,0.635418
4,2.4,0.621345
4,2.5,0.60653
4,2.6,0.591042
4,2.7,0.57495
4,2.8,0.558325
4,2.9,0.541242
4,3,0.52377
4,3.1,0.505984
4,3.2,0.487953
4,3.3,0.469749
4,3.4,0.45144
4,3.5,0.433092
4,3.6,0.414768
4,3.7,0.396531
4,3.8,0.378438
4,3.9,0.360545
4,4,0.342901
4,4.1,0.325555
4,4.2,0.308551
4,4.3,0.291927
4,4.4,0.27572
4,4.5,0.259961
4,4.6,0.244678
4,4.7,0.229894
4,4.8,0.215628
4,4.9,0.201897
4,5,0.188712
4.1,0,0.670297
4.1,0.1,0.683007
4.1,0.2,0.694751
4.1,0.3,0.705471
4.1,0.4,0.715114
4.1,0.5,0.723632
4.1,0.6,0.730981
4.1,0.7,0.737123
4.1,0.8,0.742028
4.1,0.9,0.74567
4.1,1,0.748029
4.1,1.1,0.749095
4.1,1.2,0.748861
4.1,1.3,0.747328
4.1,1.4,0.744505
4.1,1.5,0.740406
4.1,1.6,0.735053
4.1,1.7,0.728472
4.1,1.8,0.720698
4.1,1.9,0.71177
4.1,2,0.701733
4.1,2.1,0.690638
4.1,2.2,0.678539
4.1,2.3,0.665496
4.1,2.4,0.651571
4.1,2.5,0.636831
4.1,2.6,0.621345
4.1,2.7,0.605184
4.1,2.8,0.588421
4.1,2.9,0.571129
4.1,3,0.553385
4.1,3.1,0.535261
4.1,3.2,0.516833
4.1,3.3,0.498174
4.1,3.4,0.479355
4.1,3.5,0.460448
4.1,3.6,0.441519
4.1,3.7,0.422633
4.1,3.8,0.403854
4.1,3.9,0.38524
4.1,4,0.366846
4.1,4.1,0.348725
4.1,4.2,0.330923
4.1,4.3,0.313486
4.1,4.4,0.296453
4.1,4.5,0.279858
4.1,4.6,0.263734
4.1,4.7,0.248109
4.1,4.8,0.233004
4.1,4.9,0.218439
4.1,5,0.204429
4.2,0,0.680427
4.2,0.1,0.694196
4.2,0.2,0.707016
4.2,0.3,0.718824
4.2,0.4,0.729561
4.2,0.5,0.739174
4.2,0.6,0.747614
4.2,0.7,0.754839
4.2,0.8,0.760812
4.2,0.9,0.765503
4.2,1,0.768886
4.2,1.1,0.770944
4.2,1.2,0.771667
4.2,1.3,0.771051
4.2,1.4,0.769099
4.2,1.5,0.765822
4.2,1.6,0.761235
4.2,1.7,0.755364
4.2,1.8,0.748237
4.2,1.9,0.739892
4.2,2,0.730371
4.2,2.1,0.719723
4.2,2.2,0.707999
4.2,2.3,0.695258
4.2,2.4,0.681562
4.2,2.5,0.666976
4.2,2.6,0.651571
4.2,2.7,0.635418
4.2,2.8,0.61859
4.2,2.9,0.601163
4.2,3,0.583214
4.2,3.1,0.564819
4.2,3.2,0.546055
4.2,3.3,0.526999
4.2,3.4,0.507726
4.2,3.5,0.488309
4.2,3.6,0.468821
4.2,3.7,0.449329
4.2,3.8,0.4299
4.2,3.9,0.410599
4.2,4,0.391483
4.2,4.1,0.37261
4.2,4.2,0.354032
4.2,4.3,0.335796
4.2,4.4,0.317948
4.2,4.5,0.300526
4.2,4.6,0.283565
4.2,4.7,0.267098
4.2,4.8,0.251151
4.2,4.9,0.235746
4.2,5,0.220902
4.3,0,0.688986
4.3,0.1,0.703808
4.3,0.2,0.717701
4.3,0.3,0.7306
4.3,0.4,0.74244
4.3,0.5,0.753164
4.3,0.6,0.762717
4.3,0.7,0.771051
4.3,0.8,0.778125
4.3,0.9,0.783901
4.3,1,0.78835
4.3,1.1,0.791449
4.3,1.2,0.793183
4.3,1.3,0.793541
4.3,1.4,0.792522
4.3,1.5,0.790131
4.3,1.6,0.786382
4.3,1.7,0.781292
4.3,1.8,0.774889
4.3,1.9,0.767205
4.3,2,0.75828
4.3,2.1,0.748159
4.3,2.2,0.736893
4.3,2.3,0.724537
4.3,2.4,0.711152
4.3,2.5,0.696804
4.3,2.6,0.681562
4.3,2.7,0.665496
4.3,2.8,0.648682
4.3,2.9,0.631196
4.3,3,0.613115
4.3,3.1,0.59452
4.3,3.2,0.575489
4.3,3.3,0.556101
4.3,3.4,0.536433
4.3,3.5,0.516564
4.3,3.6,0.496568
4.3,3.7,0.476518
4.3,3.8,0.456484
4.3,3.9,0.436534
4.3,4,0.416732
4.3,4.1,0.397138
4.3,4.2,0.377808
4.3,4.3,0.358796
4.3,4.4,0.34015
4.3,4.5,0.321914
4.3,4.6,0.304126
4.3,4.7,0.286823
4.3,4.8,0.270036
4.3,4.9,0.25379
4.3,5,0.238107
4.4,0,0.69591
4.4,0.1,0.71177
4.4,0.2,0.726729
4.4,0.3,0.740715
4.4,0.4,0.753661
4.4,0.5,0.765503
4.4,0.6,0.776182
4.4,0.7,0.785645
4.4,0.8,0.793844
4.4,0.9,0.800737
4.4,1,0.806289
4.4,1.1,0.810471
4.4,1.2,0.813262
4.4,1.3,0.814647
4.4,1.4,0.814619
4.4,1.5,0.813177
4.4,1.6,0.810331
4.4,1.7,0.806093
4.4,1.8,0.800487
4.4,1.9,0.793541
4.4,2,0.78529
4.4,2.1,0.775778
4.4,2.2,0.765051
4.4,2.3,0.753164
4.4,2.4,0.740175
4.4,2.5,0.726149
4.4,2.6,0.711152
4.4,2.7,0.695258
4.4,2.8,0.678539
4.4,2.9,0.661074
4.4,3,0.642941
4.4,3.1,0.624221
4.4,3.2,0.604995
4.4,3.3,0.585344
4.4,3.4,0.565348
4.4,3.5,0.545089
4.4,3.6,0.524644
4.4,3.7,0.50409
4.4,3.8,0.483501
4.4,3.9,0.462949
4.4,4,0.442501
4.4,4.1,0.422223
4.4,4.2,0.402175
4.4,4.3,0.382414
4.4,4.4,0.362994
4.4,4.5,0.343963
4.4,4.6,0.325363
4.4,4.7,0.307236
4.4,4.8,0.289615
4.4,4.9,0.272532
4.4,5,0.256011
4.5,0,0.701149
4.5,0.1,0.718026
4.5,0.2,0.734033
4.5,0.3,0.749095
4.5,0.4,0.763141
4.5,0.5,0.776101
4.5,0.6,0.787912
4.5,0.7,0.798516
4.5,0.8,0.807859
4.5,0.9,0.815893
4.5,1,0.822577
4.5,1.1,0.827878
4.5,1.2,0.831768
4.5,1.3,0.834226
4.5,1.4,0.835241
4.5,1.5,0.834806
4.5,1.6,0.832924
4.5,1.7,0.829605
4.5,1.8,0.824865
4.5,1.9,0.81873
4.5,2,0.811231
4.5,2.1,0.802407
4.5,2.2,0.792302
4.5,2.3,0.780967
4.5,2.4,0.768458
4.5,2.5,0.754839
4.5,2.6,0.740175
4.5,2.7,0.724537
4.5,2.8,0.707999
4.5,2.9,0.690638
4.5,3,0.672534
4.5,3.1,0.653769
4.5,3.2,0.634426
4.5,3.3,0.614586
4.5,3.4,0.594334
4.5,3.5,0.573753
4.5,3.6,0.552924
4.5,3.7,0.531926
4.5,3.8,0.510839
4.5,3.9,0.489736
4.5,4,0.46869
4.5,4.1,0.447771
4.5,4.2,0.427044
4.5,4.3,0.40657
4.5,4.4,0.386405
4.5,4.5,0.366604
4.5,4.6,0.347214
4.5,4.7,0.32828
4.5,4.8,0.309839
4.5,4.9,0.291927
4.5,5,0.274574
4.6,0,0.704664
4.6,0.1,0.722527
4.6,0.2,0.739559
4.6,0.3,0.755679
4.6,0.4,0.770811
4.6,0.5,0.784882
4.6,0.6,0.797823
4.6,0.7,0.809572
4.6,0.8,0.820068
4.6,0.9,0.829259
4.6,1,0.837099
4.6,1.1,0.843547
4.6,1.2,0.848571
4.6,1.3,0.852143
4.6,1.4,0.854247
4.6,1.5,0.85487
4.6,1.6,0.85401
4.6,1.7,0.85167
4.6,1.8,0.847864
4.6,1.9,0.84261
4.6,2,0.835937
4.6,2.1,0.827878
4.6,2.2,0.818474
4.6,2.3,0.807774
4.6,2.4,0.795831
4.6,2.5,0.782704
4.6,2.6,0.768458
4.6,2.7,0.753164
4.6,2.8,0.736893
4.6,2.9,0.719723
4.6,3,0.701733
4.6,3.1,0.683007
4.6,3.2,0.663627
4.6,3.3,0.643678
4.6,3.4,0.623247
4.6,3.5,0.602417
4.6,3.6,0.581273
4.6,3.7,0.559898
4.6,3.8,0.538374
4.6,3.9,0.516779
4.6,4,0.49519
4.6,4.1,0.47368
4.6,4.2,0.452319
4.6,4.3,0.431171
4.6,4.4,0.410299
4.6,4.5,0.389761
4.6,4.6,0.369608
4.6,4.7,0.349889
4.6,4.8,0.330648
4.6,4.9,0.311923
4.6,5,0.293748
4.7,0,0.706427
4.7,0.1,0.725242
4.7,0.2,0.743266
4.7,0.3,0.760417
4.7,0.4,0.776613
4.7,0.5,0.791779
4.7,0.6,0.805842
4.7,0.7,0.818731
4.7,0.8,0.830383
4.7,0.9,0.84074
4.7,1,0.84975
4.7,1.1,0.857367
4.7,1.2,0.863552
4.7,1.3,0.868272
4.7,1.4,0.871504
4.7,1.5,0.87323
4.7,1.6,0.873443
4.7,1.7,0.872139
4.7,1.8,0.869328
4.7,1.9,0.865022
4.7,2,0.859244
4.7,2.1,0.852025
4.7,2.2,0.843401
4.7,2.3,0.833416
4.7,2.4,0.82212
4.7,2.5,0.809571
4.7,2.6,0.795831
4.7,2.7,0.780967
4.7,2.8,0.765051
4.7,2.9,0.748159
4.7,3,0.730371
4.7,3.1,0.71177
4.7,3.2,0.692439
4.7,3.3,0.672464
4.7,3.4,0.651933
4.7,3.5,0.630933
4.7,3.6,0.609549
4.7,3.7,0.587869
4.7,3.8,0.565977
4.7,3.9,0.543955
4.7,4,0.521882
4.7,4.1,0.499837
4.7,4.2,0.477893
4.7,4.3,0.45612
4.7,4.4,0.434583
4.7,4.5,0.413345
4.7,4.6,0.392463
4.7,4.7,0.37199
4.7,4.8,0.351973
4.7,4.9,0.332455
4.7,5,0.313475
4.8,0,0.706428
4.8,0.1,0.726149
4.8,0.2,0.745126
4.8,0.3,0.763273
4.8,0.4,0.780506
4.8,0.5,0.796744
4.8,0.6,0.811908
4.8,0.7,0.825926
4.8,0.8,0.838728
4.8,0.9,0.850252
4.8,1,0.860439
4.8,1.1,0.869237
4.8,1.2,0.876602
4.8,1.3,0.882497
4.8,1.4,0.886889
4.8,1.5,0.889758
4.8,1.6,0.891087
4.8,1.7,0.890871
4.8,1.8,0.889109
4.8,1.9,0.885812
4.8,2,0.880996
4.8,2.1,0.874687
4.8,2.2,0.866916
4.8,2.3,0.857724
4.8,2.4,0.847157
4.8,2.5,0.83527
4.8,2.6,0.82212
4.8,2.7,0.807774
4.8,2.8,0.792302
4.8,2.9,0.775778
4.8,3,0.75828
4.8,3.1,0.739892
4.8,3.2,0.720698
4.8,3.3,0.700784
4.8,3.4,0.680238
4.8,3.5,0.659149
4.8,3.6,0.637606
4.8,3.7,0.615697
4.8,3.8,0.59351
4.8,3.9,0.57113
4.8,4,0.54864
4.8,4.1,0.526122
4.8,4.2,0.503653
4.8,4.3,0.481307
4.8,4.4,0.459155
4.8,4.5,0.437262
4.8,4.6,0.415691
4.8,4.7,0.394499
4.8,4.8,0.373738
4.8,4.9,0.353455
4.8,5,0.333693
4.9,0,0.704664
4.9,0.1,0.725242
4.9,0.2,0.745126
4.9,0.3,0.764228
4.9,0.4,0.78246
4.9,0.5,0.799737
4.9,0.6,0.815978
4.9,0.7,0.831104
4.9,0.8,0.845043
4.9,0.9,0.857724
4.9,1,0.869086
4.9,1.1,0.879071
4.9,1.2,0.887629
4.9,1.3,0.894715
4.9,1.4,0.900293
4.9,1.5,0.904335
4.9,1.6,0.906819
4.9,1.7,0.907732
4.9,1.8,0.90707
4.9,1.9,0.904837
4.9,2,0.901043
4.9,2.1,0.895709
4.9,2.2,0.888862
4.9,2.3,0.880537
4.9,2.4,0.870778
4.9,2.5,0.859632
4.9,2.6,0.847157
4.9,2.7,0.833416
4.9,2.8,0.818474
4.9,2.9,0.802407
4.9,3,0.78529
4.9,3.1,0.767205
4.9,3.2,0.748237
4.9,3.3,0.728472
4.9,3.4,0.707999
4.9,3.5,0.686907
4.9,3.6,0.665288
4.9,3.7,0.643232
4.9,3.8,0.620828
4.9,3.9,0.598165
4.9,4,0.575329
4.9,4.1,0.552406
4.9,4.2,0.529475
4.9,4.3,0.506617
4.9,4.4,0.483904
4.9,4.5,0.461408
4.9,4.6,0.439195
4.9,4.7,0.417325
4.9,4.8,0.395857
4.9,4.9,0.374842
4.9,5,0.354327
5,0,0.701149
5,0.1,0.722527
5,0.2,0.743266
5,0.3,0.763274
5,0.4,0.78246
5,0.5,0.800737
5,0.6,0.81802
5,0.7,0.834227
5,0.8,0.849279
5,0.9,0.863102
5,1,0.875629
5,1.1,0.886797
5,1.2,0.89655
5,1.3,0.904837
5,1.4,0.911617
5,1.5,0.916855
5,1.6,0.920523
5,1.7,0.922603
5,1.8,0.923084
5,1.9,0.921963
5,2,0.919246
5,2.1,0.914947
5,2.2,0.909088
5,2.3,0.901701
5,2.4,0.892821
5,2.5,0.882496
5,2.6,0.870778
5,2.7,0.857724
5,2.8,0.843401
5,2.9,0.827878
5,3,0.811231
5,3.1,0.793541
5,3.2,0.774889
5,3.3,0.755364
5,3.4,0.735053
5,3.5,0.714047
5,3.6,0.692439
5,3.7,0.67032
5,3.8,0.647781
5,3.9,0.624915
5,4,0.60181
5,4.1,0.578554
5,4.2,0.555232
5,4.3,0.531926
5,4.4,0.508714
5,4.5,0.485672
5,4.6,0.462868
5,4.7,0.44037
5,4.8,0.418239
5,4.9,0.396531
5,5,0.375298
5.1,0,0.69591
5.1,0.1,0.718026
5.1,0.2,0.739559
5.1,0.3,0.760417
5.1,0.4,0.780506
5.1,0.5,0.799737
5.1,0.6,0.81802
5.1,0.7,0.83527
5.1,0.8,0.851404
5.1,0.9,0.866345
5.1,1,0.880018
5.1,1.1,0.892357
5.1,1.2,0.903299
5.1,1.3,0.912789
5.1,1.4,0.920779
5.1,1.5,0.927228
5.1,1.6,0.932102
5.1,1.7,0.935377
5.1,1.8,0.937035
5.1,1.9,0.937067
5.1,2,0.935474
5.1,2.1,0.932264
5.1,2.2,0.927453
5.1,2.3,0.921067
5.1,2.4,0.913138
5.1,2.5,0.903707
5.1,2.6,0.892821
5.1,2.7,0.880537
5.1,2.8,0.866916
5.1,2.9,0.852025
5.1,3,0.835937
5.1,3.1,0.81873
5.1,3.2,0.800487
5.1,3.3,0.781292
5.1,3.4,0.761235
5.1,3.5,0.740406
5.1,3.6,0.718898
5.1,3.7,0.696804
5.1,3.8,0.674218
5.1,3.9,0.651232
5.1,4,0.627939
5.1,4.1,0.604428
5.1,4.2,0.580789
5.1,4.3,0.557106
5.1,4.4,0.533461
5.1,4.5,0.509935
5.1,4.6,0.4866
5.1,4.7,0.463528
5.1,4.8,0.440783
5.1,4.9,0.418428
5.1,5,0.396518
5.2,0,0.688986
5.2,0.1,0.71177
5.2,0.2,0.734033
5.2,0.3,0.755679
5.2,0.4,0.776614
5.2,0.5,0.796744
5.2,0.6,0.815978
5.2,0.7,0.834227
5.2,0.8,0.851404
5.2,0.9,0.867428
5.2,1,0.882221
5.2,1.1,0.89571
5.2,1.2,0.907827
5.2,1.3,0.918512
5.2,1.4,0.927711
5.2,1.5,0.935377
5.2,1.6,0.94147
5.2,1.7,0.945959
5.2,1.8,0.948821
5.2,1.9,0.950041
5.2,2,0.949612
5.2,2.1,0.947537
5.2,2.2,0.943826
5.2,2.3,0.9385
5.2,2.4,0.931584
5.2,2.5,0.923116
5.2,2.6,0.913138
5.2,2.7,0.901701
5.2,2.8,0.888862
5.2,2.9,0.874687
5.2,3,0.859244
5.2,3.1,0.84261
5.2,3.2,0.824865
5.2,3.3,0.806093
5.2,3.4,0.786382
5.2,3.5,0.765822
5.2,3.6,0.744505
5.2,3.7,0.722527
5.2,3.8,0.699981
5.2,3.9,0.676963
5.2,4,0.653565
5.2,4.1,0.629882
5.2,4.2,0.606004
5.2,4.3,0.58202
5.2,4.4,0.558016
5.2,4.5,0.534073
5.2,4.6,0.510271
5.2,4.7,0.486685
5.2,4.8,0.463383
5.2,4.9,0.440432
5.2,5,0.417891
5.3,0,0.680427
5.3,0.1,0.703808
5.3,0.2,0.726729
5.3,0.3,0.749096
5.3,0.4,0.770811
5.3,0.5,0.79178
5.3,0.6,0.811908
5.3,0.7,0.831104
5.3,0.8,0.849279
5.3,0.9,0.866345
5.3,1,0.882221
5.3,1.1,0.89683
5.3,1.2,0.910099
5.3,1.3,0.921963
5.3,1.4,0.932361
5.3,1.5,0.941241
5.3,1.6,0.948558
5.3,1.7,0.954273
5.3,1.8,0.958357
5.3,1.9,0.960789
5.3,2,0.961557
5.3,2.1,0.960656
5.3,2.2,0.958091
5.3,2.3,0.953875
5.3,2.4,0.948031
5.3,2.5,0.940588
5.3,2.6,0.931584
5.3,2.7,0.921067
5.3,2.8,0.909088
5.3,2.9,0.895709
5.3,3,0.880996
5.3,3.1,0.865022
5.3,3.2,0.847864
5.3,3.3,0.829605
5.3,3.4,0.810331
5.3,3.5,0.790131
5.3,3.6,0.769099
5.3,3.7,0.747328
5.3,3.8,0.724914
5.3,3.9,0.701953
5.3,4,0.678539
5.3,4.1,0.654769
5.3,4.2,0.630736
5.3,4.3,0.60653
5.3,4.4,0.582242
5.3,4.5,0.557957
5.3,4.6,0.533758
5.3,4.7,0.509722
5.3,4.8,0.485925
5.3,4.9,0.462435
5.3,5,0.439317
5.4,0,0.670297
5.4,0.1,0.694197
5.4,0.2,0.717702
5.4,0.3,0.740716
5.4,0.4,0.763141
5.4,0.5,0.784882
5.4,0.6,0.805842
5.4,0.7,0.825926
5.4,0.8,0.845043
5.4,0.9,0.863102
5.4,1,0.880018
5.4,1.1,0.89571
5.4,1.2,0.9101
5.4,1.3,0.923116
5.4,1.4,0.934695
5.4,1.5,0.944778
5.4,1.6,0.953312
5.4,1.7,0.960256
5.4,1.8,0.965572
5.4,1.9,0.969233
5.4,2,0.971221
5.4,2.1,0.971524
5.4,2.2,0.970142
5.4,2.3,0.967081
5.4,2.4,0.962358
5.4,2.5,0.955997
5.4,2.6,0.948031
5.4,2.7,0.9385
5.4,2.8,0.927453
5.4,2.9,0.914947
5.4,3,0.901043
5.4,3.1,0.885812
5.4,3.2,0.869328
5.4,3.3,0.85167
5.4,3.4,0.832924
5.4,3.5,0.813177
5.4,3.6,0.792522
5.4,3.7,0.771051
5.4,3.8,0.748861
5.4,3.9,0.726048
5.4,4,0.702709
5.4,4.1,0.67894
5.4,4.2,0.654837
5.4,4.3,0.630495
5.4,4.4,0.606004
5.4,4.5,0.581455
5.4,4.6,0.556932
5.4,4.7,0.532518
5.4,4.8,0.508291
5.4,4.9,0.484324
5.4,5,0.460688
5.5,0,0.658669
5.5,0.1,0.683007
5.5,0.2,0.707017
5.5,0.3,0.730601
5.5,0.4,0.753661
5.5,0.5,0.776102
5.5,0.6,0.797824
5.5,0.7,0.818731
5.5,0.8,0.838729
5.5,0.9,0.857725
5.5,1,0.875629
5.5,1.1,0.892357
5.5,1.2,0.907827
5.5,1.3,0.921963
5.5,1.4,0.934695
5.5,1.5,0.94596
5.5,1.6,0.955699
5.5,1.7,0.963863
5.5,1.8,0.970412
5.5,1.9,0.97531
5.5,2,0.978532
5.5,2.1,0.980062
5.5,2.2,0.979892
5.5,2.3,0.978023
5.5,2.4,0.974463
5.5,2.5,0.969233
5.5,2.6,0.962358
5.5,2.7,0.953875
5.5,2.8,0.943826
5.5,2.9,0.932264
5.5,3,0.919246
5.5,3.1,0.904837
5.5,3.2,0.889109
5.5,3.3,0.872139
5.5,3.4,0.85401
5.5,3.5,0.834806
5.5,3.6,0.814619
5.5,3.7,0.793541
5.5,3.8,0.771667
5.5,3.9,0.749095
5.5,4,0.725922
5.5,4.1,0.702245
5.5,4.2,0.678162
5.5,4.3,0.65377
5.5,4.4,0.629161
5.5,4.5,0.604428
5.5,4.6,0.57966
5.5,4.7,0.554943
5.5,4.8,0.530359
5.5,4.9,0.505984
5.5,5,0.481892
5.6,0,0.645627
5.6,0.1,0.67032
5.6,0.2,0.694752
5.6,0.3,0.718824
5.6,0.4,0.742441
5.6,0.5,0.765503
5.6,0.6,0.787913
5.6,0.7,0.809572
5.6,0.8,0.830383
5.6,0.9,0.850253
5.6,1,0.869087
5.6,1.1,0.886797
5.6,1.2,0.903299
5.6,1.3,0.918512
5.6,1.4,0.932362
5.6,1.5,0.944778
5.6,1.6,0.955699
5.6,1.7,0.965069
5.6,1.8,0.972841
5.6,1.9,0.978974
5.6,2,0.983437
5.6,2.1,0.986207
5.6,2.2,0.987269
5.6,2.3,0.986618
5.6,2.4,0.984257
5.6,2.5,0.980198
5.6,2.6,0.974463
5.6,2.7,0.967081
5.6,2.8,0.958091
5.6,2.9,0.947537
5.6,3,0.935474
5.6,3.1,0.921963
5.6,3.2,0.90707
5.6,3.3,0.890871
5.6,3.4,0.873443
5.6,3.5,0.85487
5.6,3.6,0.835241
5.6,3.7,0.814647
5.6,3.8,0.793183
5.6,3.9,0.770944
5.6,4,0.74803
5.6,4.1,0.724537
5.6,4.2,0.700565
5.6,4.3,0.676211
5.6,4.4,0.651571
5.6,4.5,0.626741
5.6,4.6,0.60181
5.6,4.7,0.57687
5.6,4.8,0.552003
5.6,4.9,0.527292
5.6,5,0.502814
5.7,0,0.631262
5.7,0.1,0.656226
5.7,0.2,0.680995
5.7,0.3,0.705472
5.7,0.4,0.729561
5.7,0.5,0.753164
5.7,0.6,0.776183
5.7,0.7,0.798517
5.7,0.8,0.820068
5.7,0.9,0.840741
5.7,1,0.860439
5.7,1.1,0.879072
5.7,1.2,0.89655
5.7,1.3,0.91279
5.7,1.4,0.927711
5.7,1.5,0.941242
5.7,1.6,0.953313
5.7,1.7,0.963864
5.7,1.8,0.972841
5.7,1.9,0.980199
5.7,2,0.985899
5.7,2.1,0.989912
5.7,2.2,0.992218
5.7,2.3,0.992804
5.7,2.4,0.991667
5.7,2.5,0.988813
5.7,2.6,0.984257
5.7,2.7,0.978023
5.7,2.8,0.970142
5.7,2.9,0.960656
5.7,3,0.949612
5.7,3.1,0.937067
5.7,3.2,0.923084
5.7,3.3,0.907732
5.7,3.4,0.891087
5.7,3.5,0.87323
5.7,3.6,0.854247
5.7,3.7,0.834226
5.7,3.8,0.813262
5.7,3.9,0.791449
5.7,4,0.768886
5.7,4.1,0.74567
5.7,4.2,0.7219
5.7,4.3,0.697676
5.7,4.4,0.673095
5.7,4.5,0.648254
5.7,4.6,0.623247
5.7,4.7,0.598165
5.7,4.8,0.573096
5.7,4.9,0.548126
5.7,5,0.523334
5.8,0,0.615676
5.8,0.1,0.640825
5.8,0.2,0.665843
5.8,0.3,0.690639
5.8,0.4,0.715115
5.8,0.5,0.739174
5.8,0.6,0.762718
5.8,0.7,0.785646
5.8,0.8,0.807859
5.8,0.9,0.82926
5.8,1,0.849751
5.8,1.1,0.869238
5.8,1.2,0.887629
5.8,1.3,0.904838
5.8,1.4,0.92078
5.8,1.5,0.935377
5.8,1.6,0.948558
5.8,1.7,0.960256
5.8,1.8,0.970412
5.8,1.9,0.978974
5.8,2,0.985899
5.8,2.1,0.99115
5.8,2.2,0.994702
5.8,2.3,0.996534
5.8,2.4,0.996638
5.8,2.5,0.995012
5.8,2.6,0.991667
5.8,2.7,0.986618
5.8,2.8,0.979892
5.8,2.9,0.971524
5.8,3,0.961557
5.8,3.1,0.950041
5.8,3.2,0.937035
5.8,3.3,0.922603
5.8,3.4,0.906819
5.8,3.5,0.889758
5.8,3.6,0.871504
5.8,3.7,0.852144
5.8,3.8,0.831768
5.8,3.9,0.810471
5.8,4,0.78835
5.8,4.1,0.765503
5.8,4.2,0.742028
5.8,4.3,0.718025
5.8,4.4,0.693594
5.8,4.5,0.668832
5.8,4.6,0.643835
5.8,4.7,0.618697
5.8,4.8,0.59351
5.8,4.9,0.56836
5.8,5,0.543332
5.9,0,0.598976
5.9,0.1,0.624222
5.9,0.2,0.649404
5.9,0.3,0.67443
5.9,0.4,0.699205
5.9,0.5,0.723633
5.9,0.6,0.747615
5.9,0.7,0.771052
5.9,0.8,0.793845
5.9,0.9,0.815893
5.9,1,0.8371
5.9,1.1,0.857368
5.9,1.2,0.876603
5.9,1.3,0.894715
5.9,1.4,0.911618
5.9,1.5,0.927229
5.9,1.6,0.941471
5.9,1.7,0.954273
5.9,1.8,0.965572
5.9,1.9,0.97531
5.9,2,0.983437
5.9,2.1,0.989912
5.9,2.2,0.994702
5.9,2.3,0.99778
5.9,2.4,0.999132
5.9,2.5,0.998751
5.9,2.6,0.996638
5.9,2.7,0.992804
5.9,2.8,0.987269
5.9,2.9,0.980062
5.9,3,0.971221
5.9,3.1,0.960789
5.9,3.2,0.948821
5.9,3.3,0.935377
5.9,3.4,0.920523
5.9,3.5,0.904335
5.9,3.6,0.886889
5.9,3.7,0.868272
5.9,3.8,0.848571
5.9,3.9,0.827878
5.9,4,0.806289
5.9,4.1,0.783901
5.9,4.2,0.760813
5.9,4.3,0.737123
5.9,4.4,0.712933
5.9,4.5,0.68834
5.9,4.6,0.663443
5.9,4.7,0.638337
5.9,4.8,0.613116
5.9,4.9,0.58787
5.9,5,0.562685
6,0,0.581274
6,0.1,0.606531
6,0.2,0.631789
6,0.3,0.656956
6,0.4,0.681941
6,0.5,0.706649
6,0.6,0.730981
6,0.7,0.75484
6,0.8,0.778126
6,0.9,0.800738
6,1,0.822578
6,1.1,0.843548
6,1.2,0.863552
6,1.3,0.882497
6,1.4,0.900294
6,1.5,0.916856
6,1.6,0.932103
6,1.7,0.94596
6,1.8,0.958358
6,1.9,0.969234
6,2,0.978533
6,2.1,0.986207
6,2.2,0.992218
6,2.3,0.996534
6,2.4,0.999132
6,2.5,1
6,2.6,0.999132
6,2.7,0.996534
6,2.8,0.992218
6,2.9,0.986207
6,3,0.978532
6,3.1,0.969233
6,3.2,0.958357
6,3.3,0.945959
6,3.4,0.932102
6,3.5,0.916855
6,3.6,0.900293
6,3.7,0.882497
6,3.8,0.863552
6,3.9,0.843547
6,4,0.822577
6,4.1,0.800737
6,4.2,0.778125
6,4.3,0.754839
6,4.4,0.730981
6,4.5,0.706648
6,4.6,0.681941
6,4.7,0.656955
6,4.8,0.631788
6,4.9,0.606531
6,5,0.581273
6.1,0,0.562686
6.1,0.1,0.58787
6.1,0.2,0.613117
6.1,0.3,0.638338
6.1,0.4,0.663444
6.1,0.5,0.688341
6.1,0.6,0.712933
6.1,0.7,0.737124
6.1,0.8,0.760813
6.1,0.9,0.783902
6.1,1,0.80629
6.1,1.1,0.827879
6.1,1.2,0.848572
6.1,1.3,0.868273
6.1,1.4,0.88689
6.1,1.5,0.904335
6.1,1.6,0.920524
6.1,1.7,0.935377
6.1,1.8,0.948822
6.1,1.9,0.96079
6.1,2,0.971221
6.1,2.1,0.980063
6.1,2.2,0.987269
6.1,2.3,0.992804
6.1,2.4,0.996638
6.1,2.5,0.998751
6.1,2.6,0.999132
6.1,2.7,0.99778
6.1,2.8,0.994702
6.1,2.9,0.989912
6.1,3,0.983437
6.1,3.1,0.97531
6.1,3.2,0.965572
6.1,3.3,0.954273
6.1,3.4,0.94147
6.1,3.5,0.927228
6.1,3.6,0.911617
6.1,3.7,0.894715
6.1,3.8,0.876603
6.1,3.9,0.857367
6.1,4,0.837099
6.1,4.1,0.815893
6.1,4.2,0.793844
6.1,4.3,0.771051
6.1,4.4,0.747614
6.1,4.5,0.723632
6.1,4.6,0.699204
6.1,4.7,0.674429
6.1,4.8,0.649403
6.1,4.9,0.624222
6.1,5,0.598975
6.2,0,0.543333
6.2,0.1,0.568361
6.2,0.2,0.593511
6.2,0.3,0.618698
6.2,0.4,0.643836
6.2,0.5,0.668833
6.2,0.6,0.693595
6.2,0.7,0.718026
6.2,0.8,0.742029
6.2,0.9,0.765504
6.2,1,0.788351
6.2,1.1,0.810472
6.2,1.2,0.831769
6.2,1.3,0.852144
6.2,1.4,0.871505
6.2,1.5,0.889759
6.2,1.6,0.906819
6.2,1.7,0.922604
6.2,1.8,0.937035
6.2,1.9,0.950042
6.2,2,0.961557
6.2,2.1,0.971525
6.2,2.2,0.979893
6.2,2.3,0.986618
6.2,2.4,0.991667
6.2,2.5,0.995013
6.2,2.6,0.996638
6.2,2.7,0.996534
6.2,2.8,0.994702
6.2,2.9,0.99115
6.2,3,0.985899
6.2,3.1,0.978974
6.2,3.2,0.970412
6.2,3.3,0.960256
6.2,3.4,0.948558
6.2,3.5,0.935377
6.2,3.6,0.920779
6.2,3.7,0.904837
6.2,3.8,0.887629
6.2,3.9,0.869237
6.2,4,0.84975
6.2,4.1,0.829259
6.2,4.2,0.807859
6.2,4.3,0.785645
6.2,4.4,0.762717
6.2,4.5,0.739174
6.2,4.6,0.715115
6.2,4.7,0.690638
6.2,4.8,0.665843
6.2,4.9,0.640824
6.2,5,0.615676
6.3,0,0.523335
6.3,0.1,0.548127
6.3,0.2,0.573097
6.3,0.3,0.598166
6.3,0.4,0.623248
6.3,0.5,0.648255
6.3,0.6,0.673096
6.3,0.7,0.697677
6.3,0.8,0.721901
6.3,0.9,0.745671
6.3,1,0.768887
6.3,1.1,0.791451
6.3,1.2,0.813263
6.3,1.3,0.834228
6.3,1.4,0.854248
6.3,1.5,0.873231
6.3,1.6,0.891088
6.3,1.7,0.907733
6.3,1.8,0.923085
6.3,1.9,0.937068
6.3,2,0.949613
6.3,2.1,0.960656
6.3,2.2,0.970143
6.3,2.3,0.978023
6.3,2.4,0.984257
6.3,2.5,0.988813
6.3,2.6,0.991667
6.3,2.7,0.992804
6.3,2.8,0.992218
6.3,2.9,0.989912
6.3,3,0.985899
6.3,3.1,0.980199
6.3,3.2,0.972841
6.3,3.3,0.963864
6.3,3.4,0.953313
6.3,3.5,0.941241
6.3,3.6,0.927711
6.3,3.7,0.912789
6.3,3.8,0.89655
6.3,3.9,0.879072
6.3,4,0.860439
6.3,4.1,0.84074
6.3,4.2,0.820068
6.3,4.3,0.798516
6.3,4.4,0.776182
6.3,4.5,0.753164
6.3,4.6,0.729561
6.3,4.7,0.705472
6.3,4.8,0.680994
6.3,4.9,0.656226
6.3,5,0.631262
6.4,0,0.502815
6.4,0.1,0.527293
6.4,0.2,0.552004
6.4,0.3,0.57687
6.4,0.4,0.601811
6.4,0.5,0.626742
6.4,0.6,0.651572
6.4,0.7,0.676212
6.4,0.8,0.700566
6.4,0.9,0.724538
6.4,1,0.748031
6.4,1.1,0.770945
6.4,1.2,0.793184
6.4,1.3,0.814648
6.4,1.4,0.835242
6.4,1.5,0.854871
6.4,1.6,0.873444
6.4,1.7,0.890872
6.4,1.8,0.907072
6.4,1.9,0.921964
6.4,2,0.935475
6.4,2.1,0.947538
6.4,2.2,0.958091
6.4,2.3,0.967082
6.4,2.4,0.974464
6.4,2.5,0.980199
6.4,2.6,0.984258
6.4,2.7,0.986618
6.4,2.8,0.987269
6.4,2.9,0.986207
6.4,3,0.983437
6.4,3.1,0.978974
6.4,3.2,0.972841
6.4,3.3,0.965069
6.4,3.4,0.955699
6.4,3.5,0.944778
6.4,3.6,0.932361
6.4,3.7,0.918512
6.4,3.8,0.903299
6.4,3.9,0.886797
6.4,4,0.869087
6.4,4.1,0.850252
6.4,4.2,0.830383
6.4,4.3,0.809572
6.4,4.4,0.787913
6.4,4.5,0.765503
6.4,4.6,0.742441
6.4,4.7,0.718824
6.4,4.8,0.694751
6.4,4.9,0.67032
6.4,5,0.645626
6.5,0,0.481893
6.5,0.1,0.505985
6.5,0.2,0.53036
6.5,0.3,0.554944
6.5,0.4,0.579661
6.5,0.5,0.604429
6.5,0.6,0.629162
6.5,0.7,0.653771
6.5,0.8,0.678164
6.5,0.9,0.702246
6.5,1,0.725923
6.5,1.1,0.749096
6.5,1.2,0.771668
6.5,1.3,0.793542
6.5,1.4,0.81462
6.5,1.5,0.834807
6.5,1.6,0.854011
6.5,1.7,0.872141
6.5,1.8,0.88911
6.5,1.9,0.904838
6.5,2,0.919247
6.5,2.1,0.932265
6.5,2.2,0.943828
6.5,2.3,0.953876
6.5,2.4,0.962359
6.5,2.5,0.969234
6.5,2.6,0.974464
6.5,2.7,0.978023
6.5,2.8,0.979893
6.5,2.9,0.980063
6.5,3,0.978533
6.5,3.1,0.97531
6.5,3.2,0.970412
6.5,3.3,0.963864
6.5,3.4,0.955699
6.5,3.5,0.94596
6.5,3.6,0.934695
6.5,3.7,0.921963
6.5,3.8,0.907827
6.5,3.9,0.892357
6.5,4,0.875629
6.5,4.1,0.857725
6.5,4.2,0.838729
6.5,4.3,0.818731
6.5,4.4,0.797823
6.5,4.5,0.776101
6.5,4.6,0.753661
6.5,4.7,0.7306
6.5,4.8,0.707017
6.5,4.9,0.683007
6.5,5,0.658669
6.6,0,0.460689
6.6,0.1,0.484325
6.6,0.2,0.508292
6.6,0.3,0.532519
6.6,0.4,0.556933
6.6,0.5,0.581456
6.6,0.6,0.606005
6.6,0.7,0.630496
6.6,0.8,0.654839
6.6,0.9,0.678941
6.6,1,0.70271
6.6,1.1,0.726049
6.6,1.2,0.748862
6.6,1.3,0.771053
6.6,1.4,0.792523
6.6,1.5,0.813179
6.6,1.6,0.832925
6.6,1.7,0.851671
6.6,1.8,0.869329
6.6,1.9,0.885813
6.6,2,0.901045
6.6,2.1,0.914948
6.6,2.2,0.927454
6.6,2.3,0.938501
6.6,2.4,0.948032
6.6,2.5,0.955998
6.6,2.6,0.962359
6.6,2.7,0.967082
6.6,2.8,0.970143
6.6,2.9,0.971525
6.6,3,0.971221
6.6,3.1,0.969234
6.6,3.2,0.965572
6.6,3.3,0.960256
6.6,3.4,0.953313
6.6,3.5,0.944778
6.6,3.6,0.934695
6.6,3.7,0.923117
6.6,3.8,0.9101
6.6,3.9,0.89571
6.6,4,0.880019
6.6,4.1,0.863102
6.6,4.2,0.845043
6.6,4.3,0.825926
6.6,4.4,0.805842
6.6,4.5,0.784882
6.6,4.6,0.763141
6.6,4.7,0.740715
6.6,4.8,0.717702
6.6,4.9,0.694197
6.6,5,0.670297
6.7,0,0.439318
6.7,0.1,0.462436
6.7,0.2,0.485926
6.7,0.3,0.509723
6.7,0.4,0.533759
6.7,0.5,0.557959
6.7,0.6,0.582244
6.7,0.7,0.606532
6.7,0.8,0.630737
6.7,0.9,0.65477
6.7,1,0.678541
6.7,1.1,0.701954
6.7,1.2,0.724916
6.7,1.3,0.74733
6.7,1.4,0.769101
6.7,1.5,0.790133
6.7,1.6,0.810332
6.7,1.7,0.829606
6.7,1.8,0.847865
6.7,1.9,0.865023
6.7,2,0.880998
6.7,2.1,0.895711
6.7,2.2,0.90909
6.7,2.3,0.921068
6.7,2.4,0.931585
6.7,2.5,0.940589
6.7,2.6,0.948032
6.7,2.7,0.953876
6.7,2.8,0.958092
6.7,2.9,0.960656
6.7,3,0.961557
6.7,3.1,0.96079
6.7,3.2,0.958358
6.7,3.3,0.954273
6.7,3.4,0.948558
6.7,3.5,0.941242
6.7,3.6,0.932362
6.7,3.7,0.921963
6.7,3.8,0.9101
6.7,3.9,0.89683
6.7,4,0.882221
6.7,4.1,0.866345
6.7,4.2,0.849279
6.7,4.3,0.831104
6.7,4.4,0.811908
6.7,4.5,0.79178
6.7,4.6,0.770811
6.7,4.7,0.749096
6.7,4.8,0.726729
6.7,4.9,0.703808
6.7,5,0.680427
6.8,0,0.417892
6.8,0.1,0.440433
6.8,0.2,0.463384
6.8,0.3,0.486686
6.8,0.4,0.510272
6.8,0.5,0.534074
6.8,0.6,0.558017
6.8,0.7,0.582021
6.8,0.8,0.606005
6.8,0.9,0.629883
6.8,1,0.653567
6.8,1.1,0.676964
6.8,1.2,0.699983
6.8,1.3,0.722528
6.8,1.4,0.744507
6.8,1.5,0.765823
6.8,1.6,0.786383
6.8,1.7,0.806095
6.8,1.8,0.824867
6.8,1.9,0.842612
6.8,2,0.859246
6.8,2.1,0.874688
6.8,2.2,0.888864
6.8,2.3,0.901702
6.8,2.4,0.913139
6.8,2.5,0.923117
6.8,2.6,0.931585
6.8,2.7,0.938501
6.8,2.8,0.943828
6.8,2.9,0.947538
6.8,3,0.949613
6.8,3.1,0.950042
6.8,3.2,0.948822
6.8,3.3,0.94596
6.8,3.4,0.941471
6.8,3.5,0.935377
6.8,3.6,0.927712
6.8,3.7,0.918513
6.8,3.8,0.907827
6.8,3.9,0.89571
6.8,4,0.882221
6.8,4.1,0.867429
6.8,4.2,0.851405
6.8,4.3,0.834227
6.8,4.4,0.815978
6.8,4.5,0.796744
6.8,4.6,0.776614
6.8,4.7,0.755679
6.8,4.8,0.734033
6.8,4.9,0.711771
6.8,5,0.688986
6.9,0,0.396519
6.9,0.1,0.418429
6.9,0.2,0.440784
6.9,0.3,0.463529
6.9,0.4,0.486601
6.9,0.5,0.509936
6.9,0.6,0.533463
6.9,0.7,0.557107
6.9,0.8,0.58079
6.9,0.9,0.604429
6.9,1,0.62794
6.9,1.1,0.651233
6.9,1.2,0.674219
6.9,1.3,0.696806
6.9,1.4,0.7189
6.9,1.5,0.740408
6.9,1.6,0.761237
6.9,1.7,0.781294
6.9,1.8,0.800488
6.9,1.9,0.818732
6.9,2,0.835939
6.9,2.1,0.852026
6.9,2.2,0.866918
6.9,2.3,0.880539
6.9,2.4,0.892823
6.9,2.5,0.903708
6.9,2.6,0.913139
6.9,2.7,0.921068
6.9,2.8,0.927454
6.9,2.9,0.932265
6.9,3,0.935475
6.9,3.1,0.937068
6.9,3.2,0.937036
6.9,3.3,0.935378
6.9,3.4,0.932103
6.9,3.5,0.927229
6.9,3.6,0.92078
6.9,3.7,0.91279
6.9,3.8,0.9033
6.9,3.9,0.892357
6.9,4,0.880019
6.9,4.1,0.866345
6.9,4.2,0.851405
6.9,4.3,0.835271
6.9,4.4,0.818021
6.9,4.5,0.799737
6.9,4.6,0.780507
6.9,4.7,0.760417
6.9,4.8,0.739559
6.9,4.9,0.718026
6.9,5,0.69591
7,0,0.375299
7,0.1,0.396532
7,0.2,0.41824
7,0.3,0.440371
7,0.4,0.462869
7,0.5,0.485673
7,0.6,0.508716
7,0.7,0.531928
7,0.8,0.555234
7,0.9,0.578556
7,1,0.601812
7,1.1,0.624917
7,1.2,0.647783
7,1.3,0.670321
7,1.4,0.69244
7,1.5,0.714049
7,1.6,0.735054
7,1.7,0.755365
7,1.8,0.774891
7,1.9,0.793542
7,2,0.811233
7,2.1,0.82788
7,2.2,0.843402
7,2.3,0.857726
7,2.4,0.870779
7,2.5,0.882498
7,2.6,0.892823
7,2.7,0.901702
7,2.8,0.90909
7,2.9,0.914948
7,3,0.919247
7,3.1,0.921964
7,3.2,0.923085
7,3.3,0.922604
7,3.4,0.920524
7,3.5,0.916856
7,3.6,0.911618
7,3.7,0.904838
7,3.8,0.89655
7,3.9,0.886798
7,4,0.87563
7,4.1,0.863103
7,4.2,0.849279
7,4.3,0.834227
7,4.4,0.818021
7,4.5,0.800738
7,4.6,0.78246
7,4.7,0.763274
7,4.8,0.743266
7,4.9,0.722528
7,5,0.701149
7.1,0,0.354328
7.1,0.1,0.374843
7.1,0.2,0.395858
7.1,0.3,0.417326
7.1,0.4,0.439196
7.1,0.5,0.461409
7.1,0.6,0.483905
7.1,0.7,0.506618
7.1,0.8,0.529477
7.1,0.9,0.552407
7.1,1,0.575331
7.1,1.1,0.598166
7.1,1.2,0.620829
7.1,1.3,0.643233
7.1,1.4,0.66529
7.1,1.5,0.686909
7.1,1.6,0.708
7.1,1.7,0.728474
7.1,1.8,0.748239
7.1,1.9,0.767207
7.1,2,0.785292
7.1,2.1,0.802409
7.1,2.2,0.818476
7.1,2.3,0.833417
7.1,2.4,0.847159
7.1,2.5,0.859634
7.1,2.6,0.870779
7.1,2.7,0.880539
7.1,2.8,0.888864
7.1,2.9,0.895711
7.1,3,0.901045
7.1,3.1,0.904838
7.1,3.2,0.907072
7.1,3.3,0.907733
7.1,3.4,0.90682
7.1,3.5,0.904335
7.1,3.6,0.900294
7.1,3.7,0.894716
7.1,3.8,0.88763
7.1,3.9,0.879072
7.1,4,0.869087
7.1,4.1,0.857725
7.1,4.2,0.845043
7.1,4.3,0.831105
7.1,4.4,0.815978
7.1,4.5,0.799738
7.1,4.6,0.78246
7.1,4.7,0.764229
7.1,4.8,0.745127
7.1,4.9,0.725242
7.1,5,0.704664
7.2,0,0.333694
7.2,0.1,0.353456
7.2,0.2,0.373739
7.2,0.3,0.3945
7.2,0.4,0.415692
7.2,0.5,0.437263
7.2,0.6,0.459156
7.2,0.7,0.481308
7.2,0.8,0.503654
7.2,0.9,0.526123
7.2,1,0.548641
7.2,1.1,0.571131
7.2,1.2,0.593511
7.2,1.3,0.615698
7.2,1.4,0.637607
7.2,1.5,0.65915
7.2,1.6,0.680239
7.2,1.7,0.700785
7.2,1.8,0.7207
7.2,1.9,0.739894
7.2,2,0.758282
7.2,2.1,0.775779
7.2,2.2,0.792303
7.2,2.3,0.807776
7.2,2.4,0.822122
7.2,2.5,0.835271
7.2,2.6,0.847159
7.2,2.7,0.857726
7.2,2.8,0.866918
7.2,2.9,0.874688
7.2,3,0.880998
7.2,3.1,0.885813
7.2,3.2,0.88911
7.2,3.3,0.890872
7.2,3.4,0.891088
7.2,3.5,0.889759
7.2,3.6,0.88689
7.2,3.7,0.882498
7.2,3.8,0.876603
7.2,3.9,0.869238
7.2,4,0.86044
7.2,4.1,0.850253
7.2,4.2,0.838729
7.2,4.3,0.825927
7.2,4.4,0.811909
7.2,4.5,0.796744
7.2,4.6,0.780507
7.2,4.7,0.763274
7.2,4.8,0.745127
7.2,4.9,0.726149
7.2,5,0.706428
7.3,0,0.313476
7.3,0.1,0.332456
7.3,0.2,0.351974
7.3,0.3,0.371991
7.3,0.4,0.392464
7.3,0.5,0.413346
7.3,0.6,0.434584
7.3,0.7,0.456121
7.3,0.8,0.477894
7.3,0.9,0.499839
7.3,1,0.521884
7.3,1.1,0.543956
7.3,1.2,0.565979
7.3,1.3,0.587871
7.3,1.4,0.609551
7.3,1.5,0.630934
7.3,1.6,0.651935
7.3,1.7,0.672466
7.3,1.8,0.692441
7.3,1.9,0.711772
7.3,2,0.730373
7.3,2.1,0.748161
7.3,2.2,0.765052
7.3,2.3,0.780968
7.3,2.4,0.795833
7.3,2.5,0.809573
7.3,2.6,0.822122
7.3,2.7,0.833417
7.3,2.8,0.843402
7.3,2.9,0.852026
7.3,3,0.859246
7.3,3.1,0.865023
7.3,3.2,0.869329
7.3,3.3,0.872141
7.3,3.4,0.873444
7.3,3.5,0.873231
7.3,3.6,0.871505
7.3,3.7,0.868273
7.3,3.8,0.863553
7.3,3.9,0.857368
7.3,4,0.849751
7.3,4.1,0.840741
7.3,4.2,0.830384
7.3,4.3,0.818731
7.3,4.4,0.805842
7.3,4.5,0.79178
7.3,4.6,0.776614
7.3,4.7,0.760417
7.3,4.8,0.743266
7.3,4.9,0.725242
7.3,5,0.706428
7.4,0,0.293748
7.4,0.1,0.311924
7.4,0.2,0.330649
7.4,0.3,0.34989
7.4,0.4,0.369609
7.4,0.5,0.389762
7.4,0.6,0.410301
7.4,0.7,0.431172
7.4,0.8,0.45232
7.4,0.9,0.473682
7.4,1,0.495192
7.4,1.1,0.516781
7.4,1.2,0.538375
7.4,1.3,0.5599
7.4,1.4,0.581274
7.4,1.5,0.602418
7.4,1.6,0.623248
7.4,1.7,0.64368
7.4,1.8,0.663629
7.4,1.9,0.683008
7.4,2,0.701735
7.4,2.1,0.719724
7.4,2.2,0.736894
7.4,2.3,0.753165
7.4,2.4,0.76846
7.4,2.5,0.782706
7.4,2.6,0.795833
7.4,2.7,0.807776
7.4,2.8,0.818476
7.4,2.9,0.82788
7.4,3,0.835939
7.4,3.1,0.842612
7.4,3.2,0.847865
7.4,3.3,0.851671
7.4,3.4,0.854011
7.4,3.5,0.854871
7.4,3.6,0.854248
7.4,3.7,0.852145
7.4,3.8,0.848572
7.4,3.9,0.843548
7.4,4,0.8371
7.4,4.1,0.82926
7.4,4.2,0.820069
7.4,4.3,0.809572
7.4,4.4,0.797824
7.4,4.5,0.784882
7.4,4.6,0.770811
7.4,4.7,0.755679
7.4,4.8,0.739559
7.4,4.9,0.722528
7.4,5,0.704664
7.5,0,0.274575
7.5,0.1,0.291928
7.5,0.2,0.30984
7.5,0.3,0.328281
7.5,0.4,0.347216
7.5,0.5,0.366605
7.5,0.6,0.386407
7.5,0.7,0.406571
7.5,0.8,0.427045
7.5,0.9,0.447773
7.5,1,0.468692
7.5,1.1,0.489737
7.5,1.2,0.51084
7.5,1.3,0.531928
7.5,1.4,0.552925
7.5,1.5,0.573755
7.5,1.6,0.594336
7.5,1.7,0.614588
7.5,1.8,0.634427
7.5,1.9,0.653771
7.5,2,0.672536
7.5,2.1,0.69064
7.5,2.2,0.708
7.5,2.3,0.724539
7.5,2.4,0.740177
7.5,2.5,0.754841
7.5,2.6,0.76846
7.5,2.7,0.780968
7.5,2.8,0.792303
7.5,2.9,0.802409
7.5,3,0.811233
7.5,3.1,0.818732
7.5,3.2,0.824867
7.5,3.3,0.829606
7.5,3.4,0.832925
7.5,3.5,0.834807
7.5,3.6,0.835242
7.5,3.7,0.834228
7.5,3.8,0.831769
7.5,3.9,0.827879
7.5,4,0.822578
7.5,4.1,0.815894
7.5,4.2,0.80786
7.5,4.3,0.798517
7.5,4.4,0.787913
7.5,4.5,0.776102
7.5,4.6,0.763142
7.5,4.7,0.749096
7.5,4.8,0.734034
7.5,4.9,0.718026
7.5,5,0.70115
7.6,0,0.256012
7.6,0.1,0.272533
7.6,0.2,0.289616
7.6,0.3,0.307237
7.6,0.4,0.325364
7.6,0.5,0.343964
7.6,0.6,0.362995
7.6,0.7,0.382416
7.6,0.8,0.402176
7.6,0.9,0.422224
7.6,1,0.442502
7.6,1.1,0.46295
7.6,1.2,0.483503
7.6,1.3,0.504092
7.6,1.4,0.524646
7.6,1.5,0.545091
7.6,1.6,0.56535
7.6,1.7,0.585345
7.6,1.8,0.604997
7.6,1.9,0.624223
7.6,2,0.642943
7.6,2.1,0.661076
7.6,2.2,0.678541
7.6,2.3,0.695259
7.6,2.4,0.711154
7.6,2.5,0.72615
7.6,2.6,0.740177
7.6,2.7,0.753165
7.6,2.8,0.765052
7.6,2.9,0.775779
7.6,3,0.785292
7.6,3.1,0.793542
7.6,3.2,0.800488
7.6,3.3,0.806095
7.6,3.4,0.810332
7.6,3.5,0.813179
7.6,3.6,0.81462
7.6,3.7,0.814648
7.6,3.8,0.813263
7.6,3.9,0.810473
7.6,4,0.80629
7.6,4.1,0.800738
7.6,4.2,0.793845
7.6,4.3,0.785646
7.6,4.4,0.776183
7.6,4.5,0.765504
7.6,4.6,0.753662
7.6,4.7,0.740716
7.6,4.8,0.72673
7.6,4.9,0.711771
7.6,5,0.695911
7.7,0,0.238108
7.7,0.1,0.25379
7.7,0.2,0.270037
7.7,0.3,0.286824
7.7,0.4,0.304127
7.7,0.5,0.321915
7.7,0.6,0.340151
7.7,0.7,0.358798
7.7,0.8,0.37781
7.7,0.9,0.397139
7.7,1,0.416733
7.7,1.1,0.436535
7.7,1.2,0.456485
7.7,1.3,0.476519
7.7,1.4,0.496569
7.7,1.5,0.516566
7.7,1.6,0.536435
7.7,1.7,0.556102
7.7,1.8,0.575491
7.7,1.9,0.594522
7.7,2,0.613117
7.7,2.1,0.631197
7.7,2.2,0.648684
7.7,2.3,0.665498
7.7,2.4,0.681563
7.7,2.5,0.696806
7.7,2.6,0.711154
7.7,2.7,0.724539
7.7,2.8,0.736894
7.7,2.9,0.748161
7.7,3,0.758282
7.7,3.1,0.767207
7.7,3.2,0.774891
7.7,3.3,0.781294
7.7,3.4,0.786383
7.7,3.5,0.790133
7.7,3.6,0.792523
7.7,3.7,0.793542
7.7,3.8,0.793184
7.7,3.9,0.791451
7.7,4,0.788351
7.7,4.1,0.783902
7.7,4.2,0.778126
7.7,4.3,0.771052
7.7,4.4,0.762718
7.7,4.5,0.753165
7.7,4.6,0.742441
7.7,4.7,0.730601
7.7,4.8,0.717702
7.7,4.9,0.703809
7.7,5,0.688986
7.79999,0,0.220903
7.79999,0.1,0.235747
7.79999,0.2,0.251152
7.79999,0.3,0.267099
7.79999,0.4,0.283566
7.79999,0.5,0.300527
7.79999,0.6,0.317949
7.79999,0.7,0.335798
7.79999,0.8,0.354033
7.79999,0.9,0.372611
7.79999,1,0.391485
7.79999,1.1,0.4106
7.79999,1.2,0.429902
7.79999,1.3,0.44933
7.79999,1.4,0.468822
7.79999,1.5,0.488311
7.79999,1.6,0.507728
7.79999,1.7,0.527001
7.79999,1.8,0.546057
7.79999,1.9,0.564821
7.79999,2,0.583215
7.79999,2.1,0.601165
7.79999,2.2,0.618592
7.79999,2.3,0.635419
7.79999,2.4,0.651573
7.79999,2.5,0.666978
7.79999,2.6,0.681563
7.79999,2.7,0.695259
7.79999,2.8,0.708
7.79999,2.9,0.719724
7.79999,3,0.730373
7.79999,3.1,0.739894
7.79999,3.2,0.748239
7.79999,3.3,0.755365
7.79999,3.4,0.761237
7.79999,3.5,0.765823
7.79999,3.6,0.769101
7.79999,3.7,0.771053
7.79999,3.8,0.771669
7.79999,3.9,0.770946
7.79999,4,0.768887
7.79999,4.1,0.765504
7.79999,4.2,0.760814
7.79999,4.3,0.754841
7.79999,4.4,0.747615
7.79999,4.5,0.739175
7.79999,4.6,0.729562
7.79999,4.7,0.718825
7.79999,4.8,0.707017
7.79999,4.9,0.694197
7.79999,5,0.680428
7.89999,0,0.20443
7.89999,0.1,0.21844
7.89999,0.2,0.233004
7.89999,0.3,0.248109
7.89999,0.4,0.263735
7.89999,0.5,0.279859
7.89999,0.6,0.296454
7.89999,0.7,0.313487
7.89999,0.8,0.330925
7.89999,0.9,0.348726
7.89999,1,0.366847
7.89999,1.1,0.385241
7.89999,1.2,0.403856
7.89999,1.3,0.422635
7.89999,1.4,0.44152
7.89999,1.5,0.460449
7.89999,1.6,0.479357
7.89999,1.7,0.498176
7.89999,1.8,0.516835
7.89999,1.9,0.535263
7.89999,2,0.553387
7.89999,2.1,0.571131
7.89999,2.2,0.588423
7.89999,2.3,0.605186
7.89999,2.4,0.621347
7.89999,2.5,0.636833
7.89999,2.6,0.651573
7.89999,2.7,0.665498
7.89999,2.8,0.678541
7.89999,2.9,0.69064
7.89999,3,0.701735
7.89999,3.1,0.711772
7.89999,3.2,0.7207
7.89999,3.3,0.728474
7.89999,3.4,0.735054
7.89999,3.5,0.740408
7.89999,3.6,0.744507
7.89999,3.7,0.74733
7.89999,3.8,0.748863
7.89999,3.9,0.749097
7.89999,4,0.748031
7.89999,4.1,0.745671
7.89999,4.2,0.742029
7.89999,4.3,0.737124
7.89999,4.4,0.730982
7.89999,4.5,0.723633
7.89999,4.6,0.715116
7.89999,4.7,0.705472
7.89999,4.8,0.694752
7.89999,4.9,0.683008
7.89999,5,0.670298
7.99999,0,0.188713
7.99999,0.1,0.201897
7.99999,0.2,0.215629
7.99999,0.3,0.229894
7.99999,0.4,0.244679
7.99999,0.5,0.259962
7.99999,0.6,0.275721
7.99999,0.7,0.291929
7.99999,0.8,0.308552
7.99999,0.9,0.325557
7.99999,1,0.342903
7.99999,1.1,0.360546
7.99999,1.2,0.37844
7.99999,1.3,0.396533
7.99999,1.4,0.41477
7.99999,1.5,0.433093
7.99999,1.6,0.451442
7.99999,1.7,0.469751
7.99999,1.8,0.487955
7.99999,1.9,0.505986
7.99999,2,0.523772
7.99999,2.1,0.541243
7.99999,2.2,0.558327
7.99999,2.3,0.574952
7.99999,2.4,0.591044
7.99999,2.5,0.606532
7.99999,2.6,0.621347
7.99999,2.7,0.635419
7.99999,2.8,0.648684
7.99999,2.9,0.661076
7.99999,3,0.672536
7.99999,3.1,0.683009
7.99999,3.2,0.692441
7.99999,3.3,0.700785
7.99999,3.4,0.708
7.99999,3.5,0.714049
7.99999,3.6,0.7189
7.99999,3.7,0.722529
7.99999,3.8,0.724916
7.99999,3.9,0.726049
7.99999,4,0.725923
7.99999,4.1,0.724538
7.99999,4.2,0.721902
7.99999,4.3,0.718027
7.99999,4.4,0.712934
7.99999,4.5,0.706649
7.99999,4.6,0.699205
7.99999,4.7,0.690639
7.99999,4.8,0.680995
7.99999,4.9,0.670321
7.99999,5,0.65867
8.09999,0,0.173769
8.09999,0.1,0.186142
8.09999,0.2,0.19905
8.09999,0.3,0.212485
8.09999,0.4,0.226433
8.09999,0.5,0.240877
8.09999,0.6,0.255799
8.09999,0.7,0.271174
8.09999,0.8,0.286974
8.09999,0.9,0.303168
8.09999,1,0.31972
8.09999,1.1,0.336592
8.09999,1.2,0.353738
8.09999,1.3,0.371114
8.09999,1.4,0.388667
8.09999,1.5,0.406345
8.09999,1.6,0.42409
8.09999,1.7,0.441842
8.09999,1.8,0.459539
8.09999,1.9,0.477115
8.09999,2,0.494505
8.09999,2.1,0.511639
8.09999,2.2,0.528449
8.09999,2.3,0.544864
8.09999,2.4,0.560814
8.09999,2.5,0.576231
8.09999,2.6,0.591044
8.09999,2.7,0.605186
8.09999,2.8,0.618592
8.09999,2.9,0.631197
8.09999,3,0.642943
8.09999,3.1,0.653771
8.09999,3.2,0.663629
8.09999,3.3,0.672466
8.09999,3.4,0.680239
8.09999,3.5,0.686909
8.09999,3.6,0.692441
8.09999,3.7,0.696806
8.09999,3.8,0.699983
8.09999,3.9,0.701954
8.09999,4,0.70271
8.09999,4.1,0.702247
8.09999,4.2,0.700566
8.09999,4.3,0.697677
8.09999,4.4,0.693595
8.09999,4.5,0.688341
8.09999,4.6,0.681942
8.09999,4.7,0.67443
8.09999,4.8,0.665844
8.09999,4.9,0.656227
8.09999,5,0.645627
8.2,0,0.159609
8.2,0.1,0.171187
8.2,0.2,0.183288
8.2,0.3,0.195903
8.2,0.4,0.209024
8.2,0.5,0.222636
8.2,0.6,0.236723
8.2,0.7,0.251265
8.2,0.8,0.266238
8.2,0.9,0.281614
8.2,1,0.297361
8.2,1.1,0.313444
8.2,1.2,0.329823
8.2,1.3,0.346457
8.2,1.4,0.363298
8.2,1.5,0.380297
8.2,1.6,0.397401
8.2,1.7,0.414554
8.2,1.8,0.431697
8.2,1.9,0.448769
8.2,2,0.465707
8.2,2.1,0.482446
8.2,2.2,0.49892
8.2,2.3,0.515061
8.2,2.4,0.530802
8.2,2.5,0.546076
8.2,2.6,0.560814
8.2,2.7,0.574951
8.2,2.8,0.588422
8.2,2.9,0.601165
8.2,3,0.613117
8.2,3.1,0.624223
8.2,3.2,0.634427
8.2,3.3,0.64368
8.2,3.4,0.651935
8.2,3.5,0.65915
8.2,3.6,0.66529
8.2,3.7,0.670321
8.2,3.8,0.674219
8.2,3.9,0.676964
8.2,4,0.678541
8.2,4.1,0.678941
8.2,4.2,0.678164
8.2,4.3,0.676212
8.2,4.4,0.673097
8.2,4.5,0.668833
8.2,4.6,0.663444
8.2,4.7,0.656957
8.2,4.8,0.649404
8.2,4.9,0.640825
8.2,5,0.631263
8.3,0,0.146236
8.3,0.1,0.157041
8.3,0.2,0.168352
8.3,0.3,0.180164
8.3,0.4,0.192471
8.3,0.5,0.205262
8.3,0.6,0.218523
8.3,0.7,0.232237
8.3,0.8,0.246384
8.3,0.9,0.260939
8.3,1,0.275875
8.3,1.1,0.291159
8.3,1.2,0.306757
8.3,1.3,0.322631
8.3,1.4,0.338737
8.3,1.5,0.35503
8.3,1.6,0.371462
8.3,1.7,0.38798
8.3,1.8,0.404529
8.3,1.9,0.421053
8.3,2,0.437491
8.3,2.1,0.453783
8.3,2.2,0.469865
8.3,2.3,0.485673
8.3,2.4,0.501142
8.3,2.5,0.516207
8.3,2.6,0.530802
8.3,2.7,0.544864
8.3,2.8,0.558327
8.3,2.9,0.571131
8.3,3,0.583215
8.3,3.1,0.594522
8.3,3.2,0.604996
8.3,3.3,0.614588
8.3,3.4,0.623248
8.3,3.5,0.630934
8.3,3.6,0.637607
8.3,3.7,0.643233
8.3,3.8,0.647783
8.3,3.9,0.651233
8.3,4,0.653567
8.3,4.1,0.65477
8.3,4.2,0.654839
8.3,4.3,0.653771
8.3,4.4,0.651573
8.3,4.5,0.648255
8.3,4.6,0.643836
8.3,4.7,0.638338
8.3,4.8,0.631789
8.3,4.9,0.624222
8.3,5,0.615677
8.4,0,0.13365
8.4,0.1,0.143704
8.4,0.2,0.154247
8.4,0.3,0.165277
8.4,0.4,0.176787
8.4,0.5,0.188771
8.4,0.6,0.201218
8.4,0.7,0.214114
8.4,0.8,0.227441
8.4,0.9,0.241178
8.4,1,0.255302
8.4,1.1,0.269783
8.4,1.2,0.284592
8.4,1.3,0.299693
8.4,1.4,0.315048
8.4,1.5,0.330614
8.4,1.6,0.346349
8.4,1.7,0.362202
8.4,1.8,0.378125
8.4,1.9,0.394062
8.4,2,0.409959
8.4,2.1,0.425757
8.4,2.2,0.441397
8.4,2.3,0.456818
8.4,2.4,0.471958
8.4,2.5,0.486753
8.4,2.6,0.501142
8.4,2.7,0.515061
8.4,2.8,0.528448
8.4,2.9,0.541243
8.4,3,0.553386
8.4,3.1,0.56482
8.4,3.2,0.57549
8.4,3.3,0.585345
8.4,3.4,0.594336
8.4,3.5,0.602418
8.4,3.6,0.609551
8.4,3.7,0.615698
8.4,3.8,0.620829
8.4,3.9,0.624917
8.4,4,0.62794
8.4,4.1,0.629883
8.4,4.2,0.630737
8.4,4.3,0.630496
8.4,4.4,0.629162
8.4,4.5,0.626742
8.4,4.6,0.623248
8.4,4.7,0.618698
8.4,4.8,0.613117
8.4,4.9,0.606532
8.4,5,0.598976
8.5,0,0.121842
8.5,0.1,0.131172
8.5,0.2,0.140971
8.5,0.3,0.15124
8.5,0.4,0.161976
8.5,0.5,0.173172
8.5,0.6,0.184822
8.5,0.7,0.196912
8.5,0.8,0.20943
8.5,0.9,0.222357
8.5,1,0.235673
8.5,1.1,0.249353
8.5,1.2,0.263369
8.5,1.3,0.277691
8.5,1.4,0.292283
8.5,1.5,0.307109
8.5,1.6,0.322127
8.5,1.7,0.337293
8.5,1.8,0.352561
8.5,1.9,0.36788
8.5,2,0.3832
8.5,2.1,0.398465
8.5,2.2,0.413619
8.5,2.3,0.428605
8.5,2.4,0.443363
8.5,2.5,0.457834
8.5,2.6,0.471958
8.5,2.7,0.485673
8.5,2.8,0.49892
8.5,2.9,0.511639
8.5,3,0.523772
8.5,3.1,0.535262
8.5,3.2,0.546057
8.5,3.3,0.556102
8.5,3.4,0.56535
8.5,3.5,0.573754
8.5,3.6,0.581274
8.5,3.7,0.587871
8.5,3.8,0.593511
8.5,3.9,0.598166
8.5,4,0.601812
8.5,4.1,0.604429
8.5,4.2,0.606005
8.5,4.3,0.606532
8.5,4.4,0.606005
8.5,4.5,0.604429
8.5,4.6,0.601812
8.5,4.7,0.598166
8.5,4.8,0.593511
8.5,4.9,0.587871
8.5,5,0.581274
8.6,0,0.1108
8.6,0.1,0.119433
8.6,0.2,0.128516
8.6,0.3,0.13805
8.6,0.4,0.148035
8.6,0.5,0.158465
8.6,0.6,0.169337
8.6,0.7,0.18064
8.6,0.8,0.192364
8.6,0.9,0.204493
8.6,1,0.21701
8.6,1.1,0.229894
8.6,1.2,0.24312
8.6,1.3,0.256661
8.6,1.4,0.270487
8.6,1.5,0.284562
8.6,1.6,0.298851
8.6,1.7,0.313313
8.6,1.8,0.327905
8.6,1.9,0.342581
8.6,2,0.357293
8.6,2.1,0.371991
8.6,2.2,0.386621
8.6,2.3,0.40113
8.6,2.4,0.415461
8.6,2.5,0.429558
8.6,2.6,0.443363
8.6,2.7,0.456818
8.6,2.8,0.469865
8.6,2.9,0.482446
8.6,3,0.494504
8.6,3.1,0.505985
8.6,3.2,0.516834
8.6,3.3,0.527
8.6,3.4,0.536434
8.6,3.5,0.54509
8.6,3.6,0.552925
8.6,3.7,0.559899
8.6,3.8,0.565978
8.6,3.9,0.571131
8.6,4,0.57533
8.6,4.1,0.578556
8.6,4.2,0.58079
8.6,4.3,0.582021
8.6,4.4,0.582243
8.6,4.5,0.581456
8.6,4.6,0.579661
8.6,4.7,0.576871
8.6,4.8,0.573097
8.6,4.9,0.568361
8.6,5,0.562686
8.7,0,0.100507
8.7,0.1,0.108474
8.7,0.2,0.116869
8.7,0.3,0.125696
8.7,0.4,0.134956
8.7,0.5,0.144645
8.7,0.6,0.154762
8.7,0.7,0.165299
8.7,0.8,0.176248
8.7,0.9,0.187595
8.7,1,0.199327
8.7,1.1,0.211425
8.7,1.2,0.223868
8.7,1.3,0.236632
8.7,1.4,0.249691
8.7,1.5,0.263013
8.7,1.6,0.276565
8.7,1.7,0.290311
8.7,1.8,0.304211
8.7,1.9,0.318225
8.7,2,0.332306
8.7,2.1,0.346408
8.7,2.2,0.360483
8.7,2.3,0.374479
8.7,2.4,0.388343
8.7,2.5,0.402022
8.7,2.6,0.415461
8.7,2.7,0.428605
8.7,2.8,0.441397
8.7,2.9,0.453783
8.7,3,0.465707
8.7,3.1,0.477115
8.7,3.2,0.487955
8.7,3.3,0.498175
8.7,3.4,0.507727
8.7,3.5,0.516565
8.7,3.6,0.524645
8.7,3.7,0.531927
8.7,3.8,0.538375
8.7,3.9,0.543956
8.7,4,0.548641
8.7,4.1,0.552407
8.7,4.2,0.555233
8.7,4.3,0.557107
8.7,4.4,0.558017
8.7,4.5,0.557958
8.7,4.6,0.556933
8.7,4.7,0.554944
8.7,4.8,0.552004
8.7,4.9,0.548127
8.7,5,0.543333
8.8,0,0.0909421
8.8,0.1,0.0982738
8.8,0.2,0.106012
8.8,0.3,0.114162
8.8,0.4,0.122725
8.8,0.5,0.131701
8.8,0.6,0.141089
8.8,0.7,0.150883
8.8,0.8,0.161078
8.8,0.9,0.171663
8.8,1,0.182627
8.8,1.1,0.193954
8.8,1.2,0.205625
8.8,1.3,0.217622
8.8,1.4,0.229918
8.8,1.5,0.242488
8.8,1.6,0.255301
8.8,1.7,0.268326
8.8,1.8,0.281525
8.8,1.9,0.294862
8.8,2,0.308295
8.8,2.1,0.32178
8.8,2.2,0.335273
8.8,2.3,0.348725
8.8,2.4,0.362089
8.8,2.5,0.375312
8.8,2.6,0.388343
8.8,2.7,0.40113
8.8,2.8,0.413619
8.8,2.9,0.425757
8.8,3,0.437491
8.8,3.1,0.448768
8.8,3.2,0.459538
8.8,3.3,0.46975
8.8,3.4,0.479356
8.8,3.5,0.48831
8.8,3.6,0.496569
8.8,3.7,0.504091
8.8,3.8,0.510839
8.8,3.9,0.51678
8.8,4,0.521883
8.8,4.1,0.526123
8.8,4.2,0.529476
8.8,4.3,0.531927
8.8,4.4,0.533462
8.8,4.5,0.534074
8.8,4.6,0.533759
8.8,4.7,0.532519
8.8,4.8,0.53036
8.8,4.9,0.527293
8.8,5,0.523335
8.9,0,0.0820823
8.9,0.1,0.0888107
8.9,0.2,0.095924
8.9,0.3,0.103427
8.9,0.4,0.111324
8.9,0.5,0.119616
8.9,0.6,0.128302
8.9,0.7,0.137381
8.9,0.8,0.146847
8.9,0.9,0.156692
8.9,1,0.166908
8.9,1.1,0.177482
8.9,1.2,0.188398
8.9,1.3,0.199638
8.9,1.4,0.211182
8.9,1.5,0.223007
8.9,1.6,0.235084
8.9,1.7,0.247386
8.9,1.8,0.259881
8.9,1.9,0.272532
8.9,2,0.285304
8.9,2.1,0.298156
8.9,2.2,0.311047
8.9,2.3,0.323932
8.9,2.4,0.336766
8.9,2.5,0.349501
8.9,2.6,0.362089
8.9,2.7,0.374479
8.9,2.8,0.386621
8.9,2.9,0.398464
8.9,3,0.409958
8.9,3.1,0.421052
8.9,3.2,0.431696
8.9,3.3,0.441841
8.9,3.4,0.451441
8.9,3.5,0.460448
8.9,3.6,0.468821
8.9,3.7,0.476518
8.9,3.8,0.483502
8.9,3.9,0.489736
8.9,4,0.495191
8.9,4.1,0.499838
8.9,4.2,0.503653
8.9,4.3,0.506617
8.9,4.4,0.508715
8.9,4.5,0.509935
8.9,4.6,0.510272
8.9,4.7,0.509723
8.9,4.8,0.508291
8.9,4.9,0.505985
8.9,5,0.502815
9,0,0.0739007
9,0.1,0.0800585
9,0.2,0.0865789
9,0.3,0.0934679
9,0.4,0.10073
9,0.5,0.108368
9,0.6,0.116383
9,0.7,0.124774
9,0.8,0.133538
9,0.9,0.14267
9,1,0.152162
9,1.1,0.162004
9,1.2,0.172183
9,1.3,0.182684
9,1.4,0.193489
9,1.5,0.204578
9,1.6,0.215928
9,1.7,0.227512
9,1.8,0.239301
9,1.9,0.251265
9,2,0.263369
9,2.1,0.275577
9,2.2,0.287851
9,2.3,0.300151
9,2.4,0.312433
9,2.5,0.324653
9,2.6,0.336766
9,2.7,0.348725
9,2.8,0.360483
9,2.9,0.37199
9,3,0.383199
9,3.1,0.394061
9,3.2,0.404528
9,3.3,0.414553
9,3.4,0.424089
9,3.5,0.433092
9,3.6,0.441519
9,3.7,0.449329
9,3.8,0.456485
9,3.9,0.462949
9,4,0.468691
9,4.1,0.473681
9,4.2,0.477894
9,4.3,0.481307
9,4.4,0.483905
9,4.5,0.485672
9,4.6,0.486601
9,4.7,0.486685
9,4.8,0.485925
9,4.9,0.484325
9,5,0.481893
9.1,0,0.0663685
9.1,0.1,0.0719885
9.1,0.2,0.0779491
9.1,0.3,0.0842567
9.1,0.4,0.0909168
9.1,0.5,0.0979331
9.1,0.6,0.105308
9.1,0.7,0.113042
9.1,0.8,0.121133
9.1,0.9,0.129578
9.1,1,0.138372
9.1,1.1,0.147506
9.1,1.2,0.15697
9.1,1.3,0.166752
9.1,1.4,0.176836
9.1,1.5,0.187204
9.1,1.6,0.197837
9.1,1.7,0.208711
9.1,1.8,0.219801
9.1,1.9,0.231078
9.1,2,0.242513
9.1,2.1,0.254072
9.1,2.2,0.26572
9.1,2.3,0.27742
9.1,2.4,0.289133
9.1,2.5,0.300818
9.1,2.6,0.312432
9.1,2.7,0.323932
9.1,2.8,0.335273
9.1,2.9,0.346408
9.1,3,0.357292
9.1,3.1,0.36788
9.1,3.2,0.378124
9.1,3.3,0.387979
9.1,3.4,0.3974
9.1,3.5,0.406344
9.1,3.6,0.414769
9.1,3.7,0.422634
9.1,3.8,0.429901
9.1,3.9,0.436534
9.1,4,0.442501
9.1,4.1,0.447772
9.1,4.2,0.452319
9.1,4.3,0.45612
9.1,4.4,0.459155
9.1,4.5,0.461408
9.1,4.6,0.462869
9.1,4.7,0.463528
9.1,4.8,0.463383
9.1,4.9,0.462435
9.1,5,0.460688
9.2,0,0.0594551
9.2,0.1,0.0645704
9.2,0.2,0.0700042
9.2,0.3,0.0757636
9.2,0.4,0.0818546
9.2,0.5,0.0882818
9.2,0.6,0.0950486
9.2,0.7,0.102157
9.2,0.8,0.109606
9.2,0.9,0.117394
9.2,1,0.125517
9.2,1.1,0.13397
9.2,1.2,0.142744
9.2,1.3,0.151829
9.2,1.4,0.161212
9.2,1.5,0.170878
9.2,1.6,0.180809
9.2,1.7,0.190986
9.2,1.8,0.201386
9.2,1.9,0.211983
9.2,2,0.222751
9.2,2.1,0.23366
9.2,2.2,0.244678
9.2,2.3,0.255771
9.2,2.4,0.266904
9.2,2.5,0.278038
9.2,2.6,0.289133
9.2,2.7,0.30015
9.2,2.8,0.311047
9.2,2.9,0.32178
9.2,3,0.332305
9.2,3.1,0.34258
9.2,3.2,0.35256
9.2,3.3,0.362201
9.2,3.4,0.371461
9.2,3.5,0.380296
9.2,3.6,0.388666
9.2,3.7,0.396532
9.2,3.8,0.403854
9.2,3.9,0.410599
9.2,4,0.416732
9.2,4.1,0.422223
9.2,4.2,0.427044
9.2,4.3,0.431171
9.2,4.4,0.434583
9.2,4.5,0.437263
9.2,4.6,0.439195
9.2,4.7,0.440371
9.2,4.8,0.440784
9.2,4.9,0.440432
9.2,5,0.439317
9.3,0,0.0531289
9.3,0.1,0.0577721
9.3,0.2,0.0627121
9.3,0.3,0.0679564
9.3,0.4,0.0735116
9.3,0.5,0.079383
9.3,0.6,0.0855746
9.3,0.7,0.092089
9.3,0.8,0.0989276
9.3,0.9,0.10609
9.3,1,0.113573
9.3,1.1,0.121373
9.3,1.2,0.129484
9.3,1.3,0.137897
9.3,1.4,0.146602
9.3,1.5,0.155586
9.3,1.6,0.164835
9.3,1.7,0.17433
9.3,1.8,0.184053
9.3,1.9,0.19398
9.3,2,0.204089
9.3,2.1,0.214351
9.3,2.2,0.22474
9.3,2.3,0.235223
9.3,2.4,0.245768
9.3,2.5,0.25634
9.3,2.6,0.266904
9.3,2.7,0.27742
9.3,2.8,0.287851
9.3,2.9,0.298156
9.3,3,0.308294
9.3,3.1,0.318224
9.3,3.2,0.327904
9.3,3.3,0.337292
9.3,3.4,0.346348
9.3,3.5,0.355029
9.3,3.6,0.363297
9.3,3.7,0.371113
9.3,3.8,0.378439
9.3,3.9,0.38524
9.3,4,0.391483
9.3,4.1,0.397138
9.3,4.2,0.402175
9.3,4.3,0.40657
9.3,4.4,0.4103
9.3,4.5,0.413345
9.3,4.6,0.415691
9.3,4.7,0.417326
9.3,4.8,0.41824
9.3,4.9,0.418428
9.3,5,0.417891
9.4,0,0.0473573
9.4,0.1,0.0515605
9.4,0.2,0.0560393
9.4,0.3,0.0608016
9.4,0.4,0.0658542
9.4,0.5,0.0712029
9.4,0.6,0.0768525
9.4,0.7,0.0828064
9.4,0.8,0.0890669
9.4,0.9,0.0956345
9.4,1,0.102508
9.4,1.1,0.109685
9.4,1.2,0.117162
9.4,1.3,0.12493
9.4,1.4,0.132983
9.4,1.5,0.141309
9.4,1.6,0.149896
9.4,1.7,0.158729
9.4,1.8,0.167791
9.4,1.9,0.177063
9.4,2,0.186523
9.4,2.1,0.196147
9.4,2.2,0.205911
9.4,2.3,0.215785
9.4,2.4,0.225741
9.4,2.5,0.235746
9.4,2.6,0.245768
9.4,2.7,0.255771
9.4,2.8,0.26572
9.4,2.9,0.275577
9.4,3,0.285304
9.4,3.1,0.294861
9.4,3.2,0.304211
9.4,3.3,0.313312
9.4,3.4,0.322126
9.4,3.5,0.330613
9.4,3.6,0.338736
9.4,3.7,0.346456
9.4,3.8,0.353737
9.4,3.9,0.360545
9.4,4,0.366846
9.4,4.1,0.37261
9.4,4.2,0.377808
9.4,4.3,0.382415
9.4,4.4,0.386405
9.4,4.5,0.389761
9.4,4.6,0.392463
9.4,4.7,0.394499
9.4,4.8,0.395857
9.4,4.9,0.396531
9.4,5,0.396518
9.5,0,0.0421073
9.5,0.1,0.0459018
9.5,0.2,0.0499516
9.5,0.3,0.0542643
9.5,0.4,0.0588471
9.5,0.5,0.0637063
9.5,0.6,0.068847
9.5,0.7,0.0742736
9.5,0.8,0.0799888
9.5,0.9,0.0859945
9.5,1,0.0922906
9.5,1.1,0.098876
9.5,1.2,0.105747
9.5,1.3,0.1129
9.5,1.4,0.120328
9.5,1.5,0.128022
9.5,1.6,0.135971
9.5,1.7,0.144164
9.5,1.8,0.152585
9.5,1.9,0.161218
9.5,2,0.170043
9.5,2.1,0.179041
9.5,2.2,0.188188
9.5,2.3,0.197459
9.5,2.4,0.206828
9.5,2.5,0.216265
9.5,2.6,0.225741
9.5,2.7,0.235223
9.5,2.8,0.244678
9.5,2.9,0.254072
9.5,3,0.263368
9.5,3.1,0.272532
9.5,3.2,0.281525
9.5,3.3,0.29031
9.5,3.4,0.29885
9.5,3.5,0.307108
9.5,3.6,0.315047
9.5,3.7,0.32263
9.5,3.8,0.329822
9.5,3.9,0.33659
9.5,4,0.342901
9.5,4.1,0.348725
9.5,4.2,0.354032
9.5,4.3,0.358796
9.5,4.4,0.362994
9.5,4.5,0.366604
9.5,4.6,0.369608
9.5,4.7,0.37199
9.5,4.8,0.373738
9.5,4.9,0.374842
9.5,5,0.375298
9.6,0,0.0373458
9.6,0.1,0.0407622
9.6,0.2,0.0444139
9.6,0.3,0.0483089
9.6,0.4,0.0524543
9.6,0.5,0.0568566
9.6,0.6,0.0615215
9.6,0.7,0.0664537
9.6,0.8,0.0716567
9.6,0.9,0.0771331
9.6,1,0.082884
9.6,1.1,0.0889092
9.6,1.2,0.095207
9.6,1.3,0.101774
9.6,1.4,0.108605
9.6,1.5,0.115694
9.6,1.6,0.123032
9.6,1.7,0.130608
9.6,1.8,0.13841
9.6,1.9,0.146424
9.6,2,0.154633
9.6,2.1,0.163019
9.6,2.2,0.171562
9.6,2.3,0.180239
9.6,2.4,0.189026
9.6,2.5,0.197899
9.6,2.6,0.206828
9.6,2.7,0.215785
9.6,2.8,0.22474
9.6,2.9,0.23366
9.6,3,0.242512
9.6,3.1,0.251264
9.6,3.2,0.25988
9.6,3.3,0.268325
9.6,3.4,0.276564
9.6,3.5,0.284561
9.6,3.6,0.292282
9.6,3.7,0.299692
9.6,3.8,0.306756
9.6,3.9,0.313442
9.6,4,0.319719
9.6,4.1,0.325555
9.6,4.2,0.330923
9.6,4.3,0.335796
9.6,4.4,0.34015
9.6,4.5,0.343962
9.6,4.6,0.347214
9.6,4.7,0.349889
9.6,4.8,0.351973
9.6,4.9,0.353455
9.6,5,0.354327
9.7,0,0.03304
9.7,0.1,0.0361076
9.7,0.2,0.0393916
9.7,0.3,0.0428997
9.7,0.4,0.0466392
9.7,0.5,0.0506167
9.7,0.6,0.0548382
9.7,0.7,0.0593086
9.7,0.8,0.0640322
9.7,0.9,0.0690121
9.7,1,0.0742503
9.7,1.1,0.0797475
9.7,1.2,0.0855031
9.7,1.3,0.0915152
9.7,1.4,0.09778
9.7,1.5,0.104292
9.7,1.6,0.111046
9.7,1.7,0.118031
9.7,1.8,0.125239
9.7,1.9,0.132655
9.7,2,0.140268
9.7,2.1,0.14806
9.7,2.2,0.156013
9.7,2.3,0.164109
9.7,2.4,0.172326
9.7,2.5,0.18064
9.7,2.6,0.189026
9.7,2.7,0.197459
9.7,2.8,0.205911
9.7,2.9,0.214351
9.7,3,0.222751
9.7,3.1,0.231078
9.7,3.2,0.2393
9.7,3.3,0.247386
9.7,3.4,0.255301
9.7,3.5,0.263012
9.7,3.6,0.270486
9.7,3.7,0.27769
9.7,3.8,0.284591
9.7,3.9,0.291158
9.7,4,0.29736
9.7,4.1,0.303167
9.7,4.2,0.308551
9.7,4.3,0.313486
9.7,4.4,0.317948
9.7,4.5,0.321913
9.7,4.6,0.325363
9.7,4.7,0.32828
9.7,4.8,0.330648
9.7,4.9,0.332455
9.7,5,0.333693
9.8,0,0.0291577
9.8,0.1,0.0319047
9.8,0.2,0.03485
9.8,0.3,0.0380011
9.8,0.4,0.0413653
9.8,0.5,0.0449491
9.8,0.6,0.0487588
9.8,0.7,0.0527996
9.8,0.8,0.0570761
9.8,0.9,0.061592
9.8,1,0.0663498
9.8,1.1,0.0713513
9.8,1.2,0.0765966
9.8,1.3,0.0820849
9.8,1.4,0.0878139
9.8,1.5,0.0937797
9.8,1.6,0.0999772
9.8,1.7,0.106399
9.8,1.8,0.113037
9.8,1.9,0.119882
9.8,2,0.126919
9.8,2.1,0.134137
9.8,2.2,0.14152
9.8,2.3,0.14905
9.8,2.4,0.156708
9.8,2.5,0.164474
9.8,2.6,0.172326
9.8,2.7,0.180239
9.8,2.8,0.188188
9.8,2.9,0.196147
9.8,3,0.204088
9.8,3.1,0.211983
9.8,3.2,0.2198
9.8,3.3,0.227511
9.8,3.4,0.235084
9.8,3.5,0.242487
9.8,3.6,0.24969
9.8,3.7,0.25666
9.8,3.8,0.263368
9.8,3.9,0.269782
9.8,4,0.275873
9.8,4.1,0.281612
9.8,4.2,0.286972
9.8,4.3,0.291927
9.8,4.4,0.296452
9.8,4.5,0.300525
9.8,4.6,0.304126
9.8,4.7,0.307236
9.8,4.8,0.309839
9.8,4.9,0.311922
9.8,5,0.313475
9.9,0,0.0256673
9.9,0.1,0.0281206
9.9,0.2,0.030755
9.9,0.3,0.0335778
9.9,0.4,0.0365961
9.9,0.5,0.0398165
9.9,0.6,0.0432452
9.9,0.7,0.0468876
9.9,0.8,0.0507487
9.9,0.9,0.0548324
9.9,1,0.059142
9.9,1.1,0.0636796
9.9,1.2,0.0684465
9.9,1.3,0.0734425
9.9,1.4,0.0786666
9.9,1.5,0.0841161
9.9,1.6,0.0897871
9.9,1.7,0.0956741
9.9,1.8,0.10177
9.9,1.9,0.108067
9.9,2,0.114555
9.9,2.1,0.121221
9.9,2.2,0.128053
9.9,2.3,0.135035
9.9,2.4,0.14215
9.9,2.5,0.149382
9.9,2.6,0.156708
9.9,2.7,0.164109
9.9,2.8,0.171561
9.9,2.9,0.179041
9.9,3,0.186523
9.9,3.1,0.19398
9.9,3.2,0.201385
9.9,3.3,0.20871
9.9,3.4,0.215927
9.9,3.5,0.223006
9.9,3.6,0.229917
9.9,3.7,0.236631
9.9,3.8,0.243119
9.9,3.9,0.249352
9.9,4,0.2553
9.9,4.1,0.260938
9.9,4.2,0.266237
9.9,4.3,0.271172
9.9,4.4,0.27572
9.9,4.5,0.279858
9.9,4.6,0.283565
9.9,4.7,0.286823
9.9,4.8,0.289615
9.9,4.9,0.291927
9.9,5,0.293747
